    45    134
   134    247
   134    327
   134    146
    48    134
   134    356
    68    134
   134    184
   134    343
   134    219
   134    233
    45    225
    45    237
    45    248
    45    149
    45    321
    45    215
    45    299
    45    281
    45    234
    45    310
    45    337
   225    310
   249    310
   144    310
   272    310
   175    310
   195    310
   136    310
   310    361
   247    310
   145    310
     8    310
     5    310
    49    310
    51    310
    79    310
   161    310
   225    246
   176    225
   180    225
   188    225
    53    225
   225    244
    23    225
   225    324
   225    339
   216    225
    99    356
   233    356
   138    356
   223    356
    82    356
    47    356
    38    356
   128    356
   356    359
   147    356
   146    356
    99    174
    99    294
    99    245
    99    271
    99    270
    99    180
     5     99
    99    318
    99    184
    99    213
     3    337
   263    337
   337    365
   300    337
   158    337
   337    344
    65    337
    41    337
    66    337
    50    337
    81    337
     3    327
     3     72
     3    168
     3    300
     3    279
     3    204
     3     25
     3     51
     3    326
     3     30
     3     33
   123    177
   177    314
   177    185
   158    177
   143    177
   152    177
    48    177
   177    340
    43    177
   177    315
    98    177
   115    177
   177    244
    88    123
   123    364
   123    259
     5    123
    70    123
   123    311
   123    242
    57    123
    12    163
    12    368
    12     39
    12    322
    12     93
    12     28
    12    227
    12     15
    12    205
   163    184
    55    163
   163    226
   163    204
   145    163
   117    163
   163    250
   148    163
   163    285
   213    316
    44    316
   312    316
   316    339
   146    316
   218    316
   308    316
   265    316
   248    316
    95    316
   316    326
     1    316
   316    352
   233    316
    16    213
   213    343
    71    213
     5    213
    69    213
   171    213
   213    228
   213    355
   172    213
    13    272
    13    216
    13    246
    13    100
     2     13
    13    288
    13    137
    13    102
    13    209
    13     59
    13    165
    13     43
    13     40
    13    322
    13     58
    13     70
    13    294
   144    272
   272    334
   249    272
   242    272
   272    307
   240    272
   153    272
   272    327
    50     51
    50    136
    50    329
    50    275
    51    117
    51    260
    51    283
    42     51
    14     51
    51    168
    51    339
    51    151
   198    282
   159    198
    36    198
   198    209
    71    198
    94    198
   198    232
   198    245
   198    276
   198    223
     4    198
   121    198
   282    363
   282    319
   247    282
   238    282
    84    282
   224    282
   139    282
   282    287
   227    239
     2    239
   196    239
   160    239
   239    300
   152    239
   239    339
    36    239
   153    239
   126    239
    19    239
    26    239
    73    239
    65    239
   239    341
   239    320
     0    239
    14    239
   227    349
   175    227
   111    227
   218    227
    43    227
   227    285
   230    257
   114    257
   226    257
   119    257
    29    257
   243    257
   247    257
   255    257
    38    257
   257    297
   230    307
   230    311
   188    230
     0    230
   142    230
   170    215
   170    302
   170    207
    26    170
   170    194
   170    271
   170    365
   215    236
    37    215
   215    287
    19    215
    85    215
   173    215
   215    226
   215    247
    93    115
    53     93
    93    120
    93    264
    65     93
    93    327
    93    256
    93    324
    93    269
   115    343
   115    211
   115    147
    22    115
   115    131
   115    293
   115    361
   115    162
   115    238
    10     71
    10    306
    10    340
    10    259
    10    362
    10    222
    10    102
    10    175
    10    109
    10     95
    10    129
    71    182
    71    102
    71    194
    63     71
    71    138
    71    324
   168    277
   168    231
   168    287
   168    214
   162    168
    39    168
   168    319
   168    233
   148    168
   168    311
   126    168
   277    309
   111    277
   212    277
   269    277
    89    277
   154    222
   222    258
   124    222
     8    222
   178    222
   112    222
   222    359
   220    222
    49    222
   113    222
    41    222
   154    244
   136    154
   154    332
    74    154
   154    166
   154    186
   154    285
   154    155
   139    314
   314    320
   179    314
   238    314
   207    314
   110    314
   218    314
   160    314
   152    314
   303    314
   149    250
   133    149
   149    278
   149    244
   149    182
   149    242
   149    251
   149    342
   149    299
   149    330
   149    294
   143    250
    23    250
   250    265
     4    250
   250    353
   250    321
   156    250
   250    279
   200    250
   250    361
   250    363
   270    297
    91    270
   241    270
   270    334
   270    360
   181    270
   270    363
   270    324
   270    283
    14    270
   270    278
    89    270
    20    297
   297    369
   114    297
   161    297
   127    297
   297    319
   165    268
    53    165
   165    247
   139    165
   165    322
   165    166
   165    226
   268    350
   159    268
   166    268
     5    268
   223    228
   118    223
   223    291
    28    223
   223    309
   111    223
    18    223
    96    223
   107    223
   194    223
   223    338
    58    228
   167    228
   111    228
   117    228
   228    349
    55    333
   189    333
   196    333
   114    333
   105    333
   251    333
   238    333
   217    333
   330    333
    56    333
    42    333
    72    333
    46    333
   185    333
   262    333
    55    335
    55    365
    55     57
    55    173
    55     79
    55    291
    55    105
    55     73
   258    361
    96    361
   231    361
   361    369
   142    361
   111    361
   258    263
   216    258
    44    258
   258    266
    78    258
   164    258
   258    326
   241    359
   357    359
    86    359
   299    359
    84    359
   205    359
   346    359
   158    359
   241    243
   164    241
    68    241
   155    241
    40    241
   234    241
   241    290
   241    366
    18    184
   184    220
   184    317
   184    189
   184    218
   107    184
    42    184
   184    290
   164    184
    65    212
   153    212
     2    212
     6    212
    83    212
   212    366
   212    350
    65    296
    65    206
    65    135
    65    217
    65    116
   142    284
   130    142
   142    195
   142    161
   142    182
   142    262
    27    142
    36    142
   142    289
   142    210
    96    284
   284    294
   276    284
   284    353
    49    284
   226    321
   264    321
   133    321
   255    321
   321    326
   138    321
   109    321
   139    321
    74    321
   321    363
   220    226
   162    226
   144    226
   226    246
     2    226
    81    226
   186    226
     2    365
    30    365
   344    365
   118    365
   110    365
   236    365
   205    365
    62    365
   289    365
     2    253
     2     92
     2    238
     2    207
     2     64
     2    113
     2    135
     2     54
     2    302
     2     62
     2     98
     2    335
    66    148
    66    235
    66    236
    66    306
    33     66
    66    271
    66    205
    49     66
   148    233
   107    148
   148    326
    16    148
   148    200
   148    192
   148    348
    32    148
   148    304
   148    248
    52    265
   265    281
   265    362
   181    265
   119    265
    47    265
   265    304
   265    325
   265    283
   265    312
    52    211
    52    204
    52    232
    24     52
    17    133
    43    133
   133    146
    59    133
   102    133
   133    352
   133    211
   133    147
    17    169
    17    343
    17    203
    17    232
    17     70
    44    335
    44    169
    44    299
    44    100
   253    355
   183    355
   255    355
    18    355
   261    355
    68    355
   355    368
   294    355
    74    355
    64    355
   300    355
    18    253
   162    253
    89    253
   164    253
   105    253
   253    309
   127    253
   183    296
   183    305
   129    183
   183    233
   183    341
   183    294
   183    311
   183    274
   141    183
    49    183
   180    214
   126    214
     0    214
   214    287
   214    242
    72    214
   146    214
    15    214
   179    180
    24    180
   180    331
   180    299
   180    211
    20    180
   180    342
   180    301
   221    249
    92    249
   203    249
   249    366
   200    249
   249    358
   171    249
   249    280
   243    249
   249    273
   249    368
   259    342
   153    342
   242    342
     0    342
    20    342
   118    342
   138    342
    57    342
   342    353
   327    342
    85    259
   219    259
   247    259
   186    259
   259    360
    25    294
   125    294
   294    351
   173    294
    25    169
    25    302
    25    217
    25    233
    25    319
    25    254
   255    292
   164    255
   104    255
   186    255
     1    255
   255    275
   140    255
    39    255
   171    292
    80    292
   240    292
    87    292
   107    292
    53    292
   229    292
   130    292
    73    292
    37    292
   159    292
   236    292
   292    307
    31    292
   182    292
   129    159
   159    188
    58    159
   159    224
   159    185
   159    220
    29    159
   159    248
   129    196
   129    182
   129    138
   112    129
   129    233
    20     43
    20    218
    20     68
    20    217
    20    185
    14     20
    20    322
    20     78
   143    276
   143    179
   143    178
   143    195
   106    143
   143    248
    61    137
    26     61
    61    219
    61    256
    61    189
    61     90
    31    137
   137    271
   137    293
   137    281
   103    137
   137    138
    22    137
   137    353
   119    137
   137    206
   171    181
    11    171
   171    264
   171    338
    95    171
   171    233
   171    346
    30    171
    38    166
    83    166
    42    166
   166    244
   166    200
   166    178
    38    248
    38     40
    38    194
    38    320
    38    118
    38    236
   117    201
   201    237
    72    201
   193    201
   157    201
    77    201
   201    216
    29    201
   190    201
   201    328
   167    201
    69    201
   201    218
    60    201
    18    201
   117    343
   117    351
   117    275
   117    264
   117    217
    47    117
    92    117
   117    195
   178    179
   155    179
   152    179
    62    179
    91    179
   179    263
    80    179
   118    179
   179    293
     7    179
    59    343
   211    343
   113    343
   329    343
    59    341
    59    144
    59    109
    48     59
    59    308
    59    199
    37     59
    59    202
     4    196
   172    196
   196    367
   196    324
   131    196
   196    320
   196    299
    30    251
    62    251
   251    362
   162    251
   147    251
   251    273
    77    251
   251    278
   232    251
   251    364
    30    224
    30     43
    30    290
    30     72
    30    145
    28     30
    30     70
   162    290
   267    290
    34    290
     0    290
   162    271
    64    162
    90    162
   162    281
   162    331
   145    162
   162    182
   113    349
    90    113
    63    113
   113    273
   113    205
    41    113
   349    357
   233    349
   219    349
   260    349
   161    349
   207    349
   324    349
   328    349
    79    116
   116    140
   116    283
   116    190
    91    116
   116    338
    33    116
   116    318
   116    309
    79     81
    79    106
    39     79
    79    187
    79    266
    79    141
    79    176
    79    308
    79    172
   311    367
    49    311
   311    357
   158    311
   280    311
    94    367
    80    367
   346    367
    23    367
    58    367
   317    367
   234    367
   150    367
    92    367
   126    192
   126    191
   126    366
    14    126
    16    126
    78    126
   207    335
   335    347
   317    335
   264    335
   191    335
   206    335
    67    335
   147    335
   141    335
   220    335
   335    353
   158    335
    85    256
    85    332
    85    231
    22     85
    85    111
    31     85
    85    136
   128    256
   194    256
   246    256
   106    256
    60    256
   256    262
   146    261
    95    146
    19    146
   140    146
   108    146
   112    146
    87    146
    28    261
   122    261
    27    261
     5    261
   106    261
   186    261
    36    261
    96    261
   103    261
   352    366
    80    366
   161    366
   269    352
     7    352
   186    352
    54    352
    87     95
    95    145
    95    107
    95    130
    95    164
    95    190
    34     95
    72     87
    87    275
    87    315
    87    283
    87    368
    87    245
    40     87
    87    139
    87    320
    87    317
   104    192
   101    192
    60    192
   127    192
   104    140
   104    299
    49    104
   104    175
    82    104
   104    296
   157    189
   157    344
   157    286
    63    157
   157    276
   157    246
   140    157
   157    158
   157    362
   145    157
   130    189
   189    252
   124    189
   187    189
   189    233
   131    189
   110    189
   189    318
   189    324
    26    357
    26    242
    26     43
    26    155
    26    221
    26    304
    26     56
    18     26
    24     26
    26     64
   204    357
   174    357
   293    357
   111    357
    76    357
   136    357
    75    357
    33    362
   106    362
   112    362
    68    362
   244    362
     8    362
   235    362
   131    362
    72    362
   138    362
    33    271
    33    120
    33     34
    33     84
   185    199
   185    191
   185    263
    32    185
   185    344
   185    246
   194    199
    11    199
    21    199
   199    262
   119    199
   199    233
    15    199
   199    341
   199    275
    67    199
   210    244
   244    263
    32    244
    56    244
   208    244
   124    246
   246    269
    76    246
   246    353
   221    246
   246    293
   124    125
    21    124
   124    174
    96    124
   124    220
   124    287
   110    124
    94    124
   124    254
   144    330
    70    144
   144    202
   144    161
    67    144
   144    315
   132    330
   303    330
   309    330
   135    330
    24    330
   329    350
   340    350
   338    350
   323    350
    89    350
   263    329
   218    329
    74    329
    18    329
   131    329
   329    344
    11    340
   312    340
   340    369
     4    340
   151    340
    21     47
    21     41
    21     48
    21    224
    21    100
    21     81
    47    332
    37     47
    47    191
    47     88
    47    167
    47     48
    47    188
   145    178
   114    178
   178    288
   178    216
   178    305
   194    351
   194    320
   151    194
    72    194
    29    194
   194    260
   307    325
   269    307
   307    351
   307    368
   234    307
   218    307
   279    307
    96    307
   118    307
    42    325
    54    325
    19    325
   236    325
   233    325
   224    325
   138    325
    40    325
   164    325
    37    325
    80    325
   245    325
   237    254
   155    237
   161    237
   158    237
   169    237
    64    237
    14    296
    14    252
    14    220
    14    119
   105    296
   266    296
    41    296
    80    296
   147    296
   172    296
   114    296
    67    216
    46    216
   122    216
    69    216
   102    216
   158    216
    86    216
   208    341
   167    341
   100    341
   181    341
    41    341
   320    341
   107    341
   114    341
    49    247
    34    247
   207    247
    31    289
   289    300
   260    289
   131    289
   289    305
    31    304
    31    269
   224    281
   281    322
     4    281
   181    224
   224    302
    35    224
   169    224
   188    224
   224    369
   121    224
   224    354
     0    152
     0    278
     0      4
     0      8
     0    276
     0    105
     0    293
    53    152
   152    324
   152    186
   152    354
   152    240
   152    209
   130    285
   130    240
   130    312
   130    327
    19    130
   334    369
   283    369
    15    369
   334    353
   190    334
    76    334
    56    334
     1    334
   109    334
   334    364
   155    344
    81    344
     7    344
   295    344
    29    344
   172    344
   200    339
   217    339
   195    339
     6    339
    69    200
   200    242
   164    302
   164    286
   164    260
    15    164
   164    190
   164    293
   164    232
   235    302
   302    358
   105    302
   252    302
   211    302
   107    302
    53    302
    90    302
   125    275
   153    368
    41    153
   153    193
    28    102
    18     28
    28    175
    28    190
    28     81
    53    306
   136    306
   269    306
    81    306
    96    306
    98    306
    53    150
    53    109
    53    264
    19     53
    53    232
    53    210
   187    276
   276    301
   172    276
   105    242
   242    288
   140    262
   103    140
   131    140
   140    209
   140    360
   140    219
   209    351
   158    351
   331    351
   299    351
   167    351
   211    351
   141    155
   141    280
     8    141
    40    141
   141    172
   155    327
    73    155
    40    203
    40    299
    40    190
    40     98
    40    288
    40     78
    40    313
    40    220
    40    112
    22     40
    27    203
   136    203
    19    203
   145    203
     8    188
     8    348
     8    234
     8    252
     8    332
   186    188
     7    188
   188    287
     5    322
     5    175
     5     89
     5    109
     5    309
   271    322
   309    322
    94    322
   147    156
    89    147
   147    191
   147    269
   102    147
   147    318
   147    182
   135    156
   156    283
    92    211
    70    211
   122    211
   120    211
   139    211
    67    211
   204    211
   211    338
   207    271
   248    271
   151    271
   172    271
    46    271
   197    271
    82    271
   207    240
   139    175
   119    139
    49    139
   139    353
    80    139
   204    287
   204    320
   204    368
    43    204
    41    204
    92    360
    86     92
    92    264
    92    280
    75     92
    92    169
   132    174
    34    174
   161    174
   132    338
   132    232
   132    280
   132    219
   132    209
    35    132
   132    327
   111    132
    27    338
    18    338
   243    338
     4    278
     4     15
     4     35
     4    285
   161    205
    89    161
   161    167
   161    231
    97    161
   105    161
    63    205
   205    229
   158    205
    43    205
   205    206
    39    181
   114    181
    24    181
    62    318
    62    295
    62    219
    37     62
   106    128
   101    128
   128    312
   128    191
    80    107
    80    285
    11     80
    80    150
    19     80
   231    269
    58    269
   248    269
   127    234
   234    363
   127    326
   127    221
    42    127
   127    312
   127    238
     1    127
    56    127
   175    278
    56    175
   175    197
   221    327
    48    221
   106    221
   221    254
   221    236
   111    221
   186    221
    16    221
   221    346
    98    327
   101    327
     6    327
    78    327
    63    327
   232    327
    60    327
    57    332
    23     57
    57     77
    57    291
    57    326
    57    331
    63    332
    94    332
   332    363
   262    332
   195    324
   260    324
   190    324
   172    324
    24    324
   232    324
   195    313
   186    195
   108    195
    56    195
   323    368
    56    368
    22    368
   102    368
   283    368
    60    312
    15     60
    60    323
    60    288
    60    273
    60    208
   235    312
   122    312
   291    312
   312    346
    94    167
    24     94
    94    220
     1     94
    74     94
    89     94
    94    210
     7    240
    41    240
   229    240
    86    263
   263    317
    41     86
    46     86
    86    167
    46    305
    46    172
    37     46
    46    235
    69    305
    24    305
   208    305
   248    305
     7     96
    96    313
    96    280
    77     96
    64     96
    96    254
    96    274
    84    353
    91    353
    64    353
   118    353
   114    353
    36    353
     9    353
    15    278
    23    278
    72    315
    72    262
    72    107
   131    217
    35    217
    97    131
    15    131
   131    323
   118    182
   118    232
    18    118
   109    118
   193    318
    91    193
   193    209
   111    318
   191    318
    24    345
    24    315
    24    280
   114    315
    42     49
    49    298
    49    112
    49    160
    49    275
    42    293
    42     83
   280    319
   280    304
    91    280
   172    280
    32     89
    16     89
    89    102
   210    252
   182    252
    64    252
   233    252
    70    252
   233    286
   286    364
   100    286
   102    106
    88    106
   106    235
    69    291
   291    347
   145    160
   309    326
   299    309
    67    309
    22     39
    41     70
    70    323
    70    202
    82    208
    75    208
    36    208
    27    208
   173    208
   105    191
   173    191
    67    326
    67    231
    67    245
   264    347
   102    347
   279    347
   112    347
   160    209
   160    236
    90    160
   100    260
    34    260
   220    260
   109    260
    91     97
    97    172
    97    320
    41    274
    41    150
    41    119
    41    231
   182    354
   119    182
   110    182
   267    326
   317    326
     9    326
    43    303
    43     77
    43    285
    43    167
    48    167
    48    267
    48     84
    48    231
    48    317
    69    167
     7     23
     7    254
    18     63
    63     77
     6     63
   231    285
   231    313
   121    231
    58    275
    58    262
    58     88
     6     58
    36     58
    36    360
    36    187
   107    267
    11    285
    22    248
    90    320
   110    320
   169    320
   136    320
   235    264
    82    235
   102    235
   283    363
   313    363
    84    363
   254    363
   209    323
   209    279
    84    209
   264    323
    98    323
   273    323
    34    300
    90    298
    90    172
   111    283
   283    328
   264    303
   100    264
     6    186
   186    229
   120    186
   169    186
   100    328
    88    100
    22    100
     6    190
   136    348
   348    360
   262    348
   105    279
   105    298
    56    105
   245    274
   236    245
   176    245
   120    285
   112    285
     1    285
    15    313
    15    360
    15    299
    15    101
    15     23
    34     37
    37     75
     6     37
    34    346
    34    109
    34    158
   138    220
     6    220
    83    172
   172    202
   110    172
   172    197
   172    254
    22     83
    83    288
    83    275
    83    218
    68    119
     1    119
   109    187
   173    187
    73    187
   187    232
    78    109
   102    109
    56     88
    88    176
    54     88
   136    236
   102    238
   202    354
   202    273
   103    138
    74    176
   103    176
    19    275
   275    336
    54     84
    68     84
   315    345
   345    358
   304    319
   298    319
    18     22
    18    288
    18    232
   313    328
    74    254
    74    151
    74    267
    74    313
    82    102
    82    229
    73     82
    82    266
    82    197
    69    151
    75     81
   108    151
   151    299
   135    288
   102    135
   135    262
   122    313
   150    279
   254    315
   158    336
    29    158
   111    243
    54    111
   111    358
   102    210
    23    102
    23    210
    23    120
    23    110
   110    298
   279    331
   103    331
   108    331
    35    331
   101    262
   262    298
     6    303
    76    254
    22     68
    22     78
    22    229
    19     22
    54    120
   120    206
   317    360
   346    360
   303    360
   121    346
    29     32
    32    301
    19     32
    78    218
   206    243
   243    308
    35    103
   229    304
   210    304
   197    206
    75    206
    73    197
   266    303
   169    301
   108    308
   108    121
   108    295
   303    354
    29    293
