    56    219
    56    194
    56    504
    56    144
    56    486
    56    470
    42     56
    56    403
    56    342
   219    494
   219    242
   219    366
    67    219
   134    219
   116    219
    74    219
   219    258
   222    417
   167    417
    60    417
   365    417
    84    417
   349    417
   417    497
   417    479
   222    314
   222    377
   138    222
   192    222
   200    222
   222    516
   222    409
   146    222
   222    425
   165    222
   222    411
   222    279
   156    222
    78    242
   242    491
   242    296
    15    242
   234    242
   242    508
    51    242
   242    469
    78    511
    78    264
    78    313
    78     87
    78    498
    78    236
    78    378
    78    514
    78    213
   227    304
   201    227
   166    227
   227    491
    88    227
   227    348
    98    227
   227    295
   227    298
   119    227
   250    304
   276    304
    12    304
   297    304
   128    304
   288    304
    48    304
    17    304
   304    330
   295    304
   304    434
   112    304
   304    418
   304    407
   116    535
   118    535
   394    535
   233    535
   376    535
   464    535
   452    535
   116    433
     7    116
   116    391
    11    116
    42    116
   116    176
   116    533
   116    378
   116    134
   116    319
   116    217
   164    338
    63    164
   164    263
   164    245
    90    164
    43    164
   164    322
   140    164
   164    354
    71    164
   146    164
   143    338
   236    338
   338    343
   338    514
   240    338
   287    338
   338    363
   119    338
   149    338
   157    338
   338    488
   307    338
    28    338
   302    513
   513    516
   475    513
    94    513
   206    513
   199    513
   287    513
    41    513
   132    513
   508    513
   366    513
   150    513
   204    513
   168    513
     9    513
   302    303
   302    429
   302    342
   130    302
   150    302
   199    302
   302    437
   302    405
    79    494
    21    494
   494    495
   113    494
   494    528
    79     97
    79    442
    79    192
    79    135
    79    202
    79    340
   333    463
   196    463
   365    463
   258    463
   138    463
   207    463
   353    463
   381    463
    82    463
   329    333
   333    470
   333    390
    94    333
   139    333
   176    333
    52    333
   207    333
   290    333
   109    333
   333    471
   255    438
   234    438
   438    454
   407    438
   426    438
   255    487
    10    255
   207    255
   247    255
   168    255
   152    255
    59    318
    59    404
    49     59
    59    504
    59    537
    59    453
    59    110
   194    318
   318    375
   318    537
     5    318
    86    318
   318    486
   318    510
   318    469
   318    459
    61    318
   283    318
   100    318
   159    402
   159    315
   159    483
   149    159
   159    168
   137    402
   261    402
   306    402
   402    514
   177    402
   402    500
   281    402
   351    402
   343    402
   402    483
   117    343
   343    498
   184    343
   312    343
   343    495
   241    343
    85    343
   265    343
   112    343
   182    343
    62    343
   117    285
   117    297
   117    432
   117    310
    85    117
    55    117
   117    390
   117    300
    14    117
    87    117
   117    400
   117    370
    24    117
   117    469
   117    413
   117    127
    57    117
    21    356
    95    356
    73    356
   346    356
    64    356
     0    356
   106    356
   356    387
    84    356
    21     62
    21    112
    21    383
    21    171
    21    464
    21     89
   191    503
   131    503
   259    503
   491    503
    90    503
   201    503
   410    503
   503    521
    17    503
   106    503
     3    503
    69    503
   503    508
    71    503
   396    503
   138    191
   191    365
   191    250
   191    258
    81    191
   191    207
    84    191
   191    212
   191    336
   191    331
   191    433
   191    266
   191    306
   191    320
   512    515
   505    512
   460    512
   287    512
   153    512
    69    512
   231    512
   508    512
     8    512
   469    512
   152    512
   376    512
   259    512
   372    515
   478    515
   330    515
   456    515
    19    515
   163    515
   351    515
    81    313
    34     81
    81    453
    81    131
    81    410
    81    461
    81    139
    81    379
    81    478
   176    313
   313    428
   313    412
    37    313
   112    313
     3    313
    89    313
   187    313
    55    518
    55    392
    55    114
    55    111
    55    284
    55    460
    55    482
    55     73
    55    474
    55    380
    54     55
    55    265
    55    471
   369    518
    22    518
    89    518
   100    518
   319    518
   298    518
   433    518
   160    518
   502    518
   492    518
    42    518
   137    323
   137    347
   137    437
   137    309
   137    143
   137    351
   137    200
   137    303
   137    363
   137    435
   104    422
     4    104
   104    300
   104    303
   104    538
   104    109
   104    393
   104    340
    33    104
   104    245
    10    104
   104    465
   372    422
   229    422
   422    460
    84    422
   243    476
   419    476
   287    476
   404    476
   394    476
   270    476
    70    476
   279    476
   243    406
   243    439
    80    243
   185    243
    74    243
   243    358
   110    243
   115    243
    61    243
    82    243
   243    423
   209    419
   209    211
   209    314
    91    209
   209    468
   209    216
   120    209
   209    525
   147    209
   209    378
   419    530
   419    427
   111    419
   300    419
   419    433
   248    419
    14    298
    14    185
    14    362
    14    229
    14    161
    14    197
    14    458
    14    349
    14     20
    14    260
    14    341
   298    499
   298    352
   147    298
   267    298
    24    298
    19    233
    19    413
    19    285
    19    218
    19    433
    19    135
    19    453
    19    495
    19    205
    19     93
   233    260
    82    233
   232    233
   233    409
   233    448
   233    374
    66    233
   110    233
   233    413
   192    439
   192    511
   180    192
   192    226
   174    192
   192    194
   192    335
   192    479
   173    192
   292    439
   177    439
   112    439
   439    483
    90    439
   393    439
   247    439
    24    439
    94    439
   144    439
    65    439
   439    468
   186    439
    71    135
    71    514
    71     84
    71    308
     8     71
    71    360
    71    378
    71    521
    60     71
    71    151
    71    473
   135    487
   135    380
   135    468
   135    420
   135    196
   135    364
   135    309
   135    386
   135    460
   103    177
   177    239
   177    489
   177    236
   177    362
   177    507
   177    241
   177    523
   177    186
   103    459
   103    448
   103    533
   103    142
   103    487
   103    110
   103    236
   103    480
   103    375
    10    226
   226    273
   226    334
   226    488
    43    226
    34    226
   226    341
   194    226
   133    226
   226    498
    10    453
    10    361
    10    276
    10    221
    10    132
    10    162
    10    409
    10    112
     2    449
     2     62
     2    290
     2    218
     2    340
     2     29
     2     16
     1      2
     2     96
     2    202
     2    187
     2     12
     2    141
   198    449
   449    504
   363    449
    44    449
   377    449
   449    533
   245    365
    68    365
   197    365
   229    365
   365    388
    86    245
   245    296
   185    245
    75    245
   245    323
   245    253
    62    245
   245    317
    16    499
   482    499
   202    499
   416    499
     0    499
   351    499
   237    499
    27    499
   496    499
    16     89
    16    247
    16    225
    16    169
   158    355
   158    183
   158    207
     5    158
   158    322
   133    158
   158    168
   158    208
    30    355
   355    368
    26    355
   355    461
   355    416
   260    355
   321    506
   303    506
   367    506
   467    506
   506    539
   434    506
   181    506
   389    506
   322    506
   131    506
    31    506
   112    321
    97    321
   321    497
   321    339
    28    321
   251    321
   283    321
   203    321
   321    459
    13    321
   285    349
   285    414
   184    285
   285    364
   212    285
   228    285
   174    208
   174    212
   174    253
   174    303
   173    208
   208    411
   146    208
   208    352
    47    208
   239    457
   204    239
   144    239
   239    389
   239    293
   153    239
   167    239
    86    239
    68    239
   239    434
     4    441
   269    441
   441    442
   441    450
   312    441
   431    441
    50    441
   128    441
   361    441
   320    441
     4    457
     4    274
     4    288
     4     66
     4    246
     4    188
     4    194
   207    323
   207    276
   207    451
   207    493
   134    207
   207    277
   207    372
   207    457
   312    323
   150    323
   323    444
   121    323
    27    323
   179    323
   320    323
   312    493
   353    493
   382    493
     8    493
   329    493
   172    493
   201    493
   195    312
   312    408
   312    352
   193    312
   312    444
   147    312
   248    312
    61    215
   215    393
   215    369
   215    409
   215    505
    61    418
    61    408
    61    150
    61    265
    61    301
    61    479
   154    273
   256    273
   273    473
    93    273
   217    273
   247    273
   229    273
   413    448
   290    413
   238    413
   221    413
   360    413
   144    413
    47    413
   154    413
   413    534
   413    436
   413    464
   189    413
   325    413
   294    448
    31    448
   448    483
    93    448
   448    492
   150    448
    13    448
   374    448
    98    387
   275    387
    92    387
   132    387
   387    516
    98    539
    98    220
    98    291
    98    383
    98    138
    98    269
    98    418
     9     98
    98    143
    98    534
    54     98
    63    460
    63     67
    63    319
    63    212
   110    344
   344    351
   344    530
   107    344
   344    490
   344    406
   213    344
   196    344
   147    344
   344    502
   110    363
   110    166
    72    110
   110    249
   110    320
   110    247
   110    206
   110    162
   110    221
   110    314
    40    110
   110    292
   194    405
   194    484
   152    194
   194    288
   194    514
    31    194
   194    274
   194    426
   153    194
    68    275
    68    311
    68    440
   131    165
   131    252
   303    396
   112    303
    87    303
   173    181
    15    173
    95    173
   173    332
   157    173
   173    388
   269    324
    82    269
   269    456
    26    269
     6    269
     5    269
   235    324
   324    519
   324    459
   320    324
   324    501
   324    498
    47    324
   310    324
   324    385
    75    324
   339    432
    52    339
   339    496
   339    437
   339    379
   101    339
    26    339
   339    396
   432    464
   378    432
   257    432
   385    432
    57    432
   416    432
   432    485
   180    290
   180    204
   180    464
    73    180
   121    180
   113    180
   180    537
   180    200
   180    484
   290    330
     7    290
   290    514
   290    443
   188    290
    84    443
    84     94
    84    325
    84    366
    84    369
    84    258
    84    408
    84    199
   443    446
   443    522
    77    443
   264    443
   287    443
   443    533
    97    102
    97    428
    97    200
    91     97
    97    409
    97    170
    97    331
    28     97
    97    152
   102    534
   102    181
    27    102
   102    175
   102    112
   102    220
   102    350
   102    483
   274    345
   274    446
   271    274
   274    409
   274    375
   274    437
   274    388
   274    421
    62    274
   274    525
   274    509
   274    352
   257    345
    60    345
   129    345
   345    458
   345    361
   249    380
   132    249
   249    505
   200    249
    41    249
   155    249
    28    249
   380    424
   380    429
    90    380
   228    380
   253    380
   380    486
   266    380
    82    380
    46    380
   188    380
    54    295
    54    456
    54    115
    54    488
    54     75
    54    118
    54    498
    49     54
    54    149
   144    295
   212    295
    52    295
   149    295
   147    295
   230    295
    32    295
   276    295
   295    500
   186    495
    23    186
   127    186
   100    186
   186    531
   186    258
   186    314
   142    186
   155    186
   301    495
   474    495
   228    495
   367    495
    94    495
    70    495
   125    495
    52    495
   166    253
   253    346
   105    253
   253    462
    11    253
    69    253
   253    457
   253    328
   253    329
   253    444
   253    472
   152    253
   253    292
   166    539
    15    166
   166    305
   166    336
   166    328
   112    166
    23    166
   166    347
   276    485
   276    337
     0    276
    27    276
   212    276
   258    276
    93    286
   286    488
   108    286
   286    352
   175    286
   235    286
   286    534
   130    286
    38    286
   241    286
   188    286
    93    280
    93    305
    39     93
    93    473
    93     94
    93    510
   381    453
   385    453
   357    453
   453    497
   453    501
   453    474
   453    522
   435    453
   431    453
    52    453
    29    300
    29    376
    29    445
    29    314
    29    450
    29    396
   300    440
   197    300
   150    300
   123    300
   151    300
   190    300
   189    300
   300    325
   300    507
   328    511
   328    368
    96    328
   170    328
   205    328
   105    328
    34    328
   328    331
   248    328
   332    511
   178    511
   319    511
   201    511
   398    511
   381    511
   511    531
   368    511
     6    393
    38    393
   393    480
   139    393
   308    393
   393    412
   183    393
   196    497
   121    497
   404    497
   397    497
   386    497
   496    497
   196    458
   196    424
   196    465
   196    492
   196    280
   196    225
   139    481
   139    179
   139    167
   139    454
   139    190
   139    212
   139    461
   139    451
    73    139
   128    481
   325    481
   412    481
   188    325
   123    325
   314    325
    11    325
   231    325
   204    325
   224    325
   291    325
   163    325
   189    325
   188    412
   188    218
   171    188
   183    188
   118    188
   188    504
   188    319
   151    188
   261    498
   221    261
    34    261
   261    367
    58    261
   261    447
    69    381
   292    381
   241    381
   140    381
   381    454
   381    532
    30    381
   161    187
   161    320
   161    182
   105    161
    64    161
   149    161
   161    322
    88    161
    35    161
   187    477
   187    485
   187    412
   187    351
    91    187
    24    187
    51    187
   187    309
   187    228
   187    520
    12    532
   388    532
   326    532
   301    532
   153    532
   486    532
    12    538
    12     62
    12    216
     6     12
    12    206
    12    272
    12    132
    12    296
    12    160
    12    231
    12    487
   385    436
   340    385
   385    520
   385    410
   385    411
   385    528
   385    454
   184    385
   201    385
    31    385
    60    342
    60    431
    60    337
    60    363
    60    288
    60    169
    60    395
    60    279
    60    397
   172    342
    23    342
   342    349
   232    342
   342    357
   146    342
    49    342
   284    342
    23    483
    23    383
    23    459
    23    401
    23    472
    23    296
    23    134
    23    337
   179    483
     0    483
   129    483
   185    483
    87    483
   287    483
   377    483
   483    487
   395    483
   283    483
    99    483
   134    148
   134    234
   134    451
   134    430
   134    390
   134    184
   119    148
    11    148
   148    473
    38    148
   122    346
   189    346
    52    346
   271    346
   183    346
   265    362
   140    265
   265    466
   265    281
   265    429
    66    265
   251    265
   176    265
   154    265
   265    371
    51    362
    25    362
   228    362
   311    362
   362    469
   105    384
     8    105
   105    507
   105    306
   105    271
   384    428
   236    384
   384    446
    85    332
    74     85
    85    322
    85    352
    85    429
    85    347
    85    401
    85    403
    38     85
    85    190
   330    332
   288    332
   332    435
   250    332
   332    403
   332    480
   332    466
   329    332
   190    374
   205    374
   291    374
   293    374
   121    374
   220    374
   374    383
    15    374
    88    374
    52    374
   369    374
   190    358
    11    190
   190    259
   190    496
   190    514
   190    469
   126    446
   371    446
    20    446
   127    514
   410    514
   336    514
   425    514
   199    514
    49    514
   127    395
   119    127
    48    127
   127    203
   127    412
   127    360
   127    260
   330    458
   121    330
   193    330
    80    330
   330    382
     8    330
   330    407
   330    491
   363    510
   363    394
   363    465
   363    454
   363    368
   363    486
    22    363
   296    363
   125    363
   353    510
   128    510
   383    510
   124    510
   217    510
   176    270
   176    203
   126    176
   176    204
    46    176
    91    176
   176    277
    11    150
    40    150
   144    150
   101    150
   150    160
    11    423
    11    471
    11    244
    11    282
    11    111
    11    275
    11     73
   350    352
   167    352
   146    352
   352    433
   352    418
   118    352
   352    533
   350    492
    34    350
   350    451
    75    350
   350    467
    94    350
   350    436
    35    350
    65     74
    17     65
    65    452
    65    523
    65    420
    65    377
    57     65
    65    247
    65    308
     1     65
    65    140
    74    536
    74    218
    41     74
    74    230
    74    211
    74    462
    74    152
    74    277
    74    125
    74    301
    86    195
   195    520
   195    221
    95    195
   195    322
   195    398
   195    505
   195    455
   119    315
   119    310
    15    119
   119    498
   119    507
   119    329
   119    466
   406    435
   101    435
    35    435
   434    435
   435    536
    53    435
   316    435
    95    435
    30    435
   406    478
     6    433
     6    259
     6    369
     6    305
     6    428
     6    358
     6    271
     6    341
   316    464
    13    464
   426    464
   464    536
   214    464
    86    220
    86    436
    86    529
    86    296
    30    292
    30    397
    30    440
    30    496
    30     67
    30    407
    30    289
    30    361
    30    257
    30    149
    30    335
    30    534
    30     77
    30    154
    30    142
    30    114
   292    392
   216    292
   288    292
   292    531
   292    317
    33    292
     7    292
   292    530
   292    482
   178    444
   178    358
   178    504
   178    411
   178    492
   165    178
   178    315
   178    204
   178    322
   178    433
   178    376
   317    444
   433    444
   444    507
   157    444
   181    444
     1    444
    88    444
   331    505
   268    331
     9    331
    33    505
   145    505
   257    505
    22    505
   281    505
   263    505
   306    505
    83    456
    83    378
    83    472
    83    478
    83    349
    83    376
    83     94
     8     83
    83    145
   376    456
   224    456
    24    456
    42    456
   456    508
   319    456
   251    456
   456    488
   287    456
   301    456
   106    317
   317    418
   284    317
   223    317
   238    317
   106    169
   106    516
   106    423
   106    155
    38    106
   154    294
   154    251
    72    154
   154    189
   145    154
   154    197
   154    228
    66    154
   370    395
   366    395
    33    395
   395    409
   395    523
   279    395
   395    538
    99    193
   193    308
    36    193
    67    193
   193    357
   193    468
   193    247
   193    310
    99    291
    99    519
    67     99
    99    389
    99    533
    69    396
   396    480
   396    528
   220    396
    69    118
    69    205
    69    170
    69    113
    69    431
    69    349
    69     87
    69    368
    69    492
   347    378
   184    378
   206    378
   223    308
   308    369
   260    308
   170    308
   220    308
    44    308
   259    424
   100    259
    92    259
   259    347
   206    259
   259    316
    41    259
   259    340
   259    470
   259    283
   223    451
   223    278
   223    230
   223    372
   142    223
   223    310
   109    358
   358    526
   160    358
   278    358
    13    358
   334    358
    57    358
   284    358
   433    491
   157    433
   309    433
    87    433
   294    475
   475    485
   475    509
   231    475
   458    475
   144    294
   121    294
   294    489
   294    425
   257    294
   288    294
   114    405
   405    489
   221    405
   129    405
   405    491
    46    275
   275    394
   275    500
   115    275
   181    275
   275    334
   237    305
   305    334
   305    397
   305    349
   212    305
    87    305
   153    237
   237    347
    24    237
   237    468
   237    337
    62    237
   202    237
   118    280
   118    319
   118    334
   118    198
   118    354
   118    474
   118    467
   118    445
     3    477
    44    477
   132    477
    72    477
   454    477
   165    477
    15    466
   466    517
   257    466
   175    466
   165    466
   459    466
    49    466
    15    203
    15    336
    15    206
   440    491
    95    440
   263    440
   213    440
   386    440
   123    457
   123    377
    40    123
   123    523
   123    375
   123    234
    37    123
   123    383
   123    145
    72    123
   123    496
   123    412
   287    457
    76    457
   263    457
    28    457
   403    457
   457    507
   392    480
   229    392
   392    520
    48    392
   183    392
    22    480
   225    480
   437    480
   525    534
   156    534
   489    534
    38    534
   235    534
   167    284
   121    167
   167    401
   167    250
   167    291
   309    517
   394    517
    64    517
   203    517
   357    517
   372    517
   165    229
   229    525
   229    258
   157    229
   229    486
   184    229
     9    229
   144    229
    40    229
    26    229
   229    492
    96    229
    80    229
     5    229
   198    404
    41    404
    20    404
   404    485
    26    404
   404    442
   200    404
   109    425
   297    425
   369    425
   425    467
   371    425
    49    425
   425    490
   314    425
    48    425
    41    109
   109    184
    47    109
   109    458
   109    507
   109    370
    52    109
   109    236
   231    337
   231    310
    70    231
    24    231
   231    270
    57    337
   197    337
   205    262
   205    486
   205    264
   205    218
   205    509
   205    520
   262    311
   234    262
   262    537
   101    262
     0    262
   101    431
   101    468
   101    236
   101    496
    45    101
    76    101
   101    293
   101    460
   169    240
   169    288
   169    383
   169    252
   169    460
   169    282
   169    361
   169    284
   169    203
   169    521
   169    502
   171    197
   197    504
   197    210
   146    478
   108    146
   107    146
   146    383
   138    315
    64    138
   138    416
   138    388
   315    523
   133    315
    24    315
   315    354
    37    315
   157    487
   502    516
   136    516
    37    516
   201    516
   465    516
   347    462
   307    347
   299    347
   347    521
   347    420
   347    400
   326    462
   279    462
   458    462
   434    451
   451    504
   451    519
    50    451
   383    451
   153    379
   153    412
   153    408
   165    383
   263    383
   383    502
   129    383
   383    524
   383    416
   289    526
   289    367
    96    289
   289    455
   225    289
   327    526
   199    526
   334    526
   214    526
   408    526
     3    526
   490    526
   335    526
   140    349
   140    212
   140    401
   140    492
    50    140
   349    485
    87    349
   314    349
   206    349
    40    349
    66    349
   309    349
   213    301
   301    458
   185    301
   301    335
   301    490
   301    507
   301    459
   213    537
   213    486
    76    213
   213    388
   213    235
   213    530
   213    490
   213    454
   198    297
    18    198
   175    198
     7    491
   468    491
    34    491
   122    491
   113    491
   491    523
   314    491
    43    491
   155    491
   120    143
    25    143
    24    143
   143    412
   214    370
   263    370
   319    370
   112    370
   291    366
   241    291
   129    291
   124    291
    64    341
    64    170
    64    218
    64    327
    64    367
    64    267
    88    341
     7    341
   341    373
    92    341
   398    458
    52    458
    17    458
   334    415
   288    334
   334    450
     9    334
   415    507
   111    415
   415    423
   415    533
   434    504
   256    434
    95    434
   434    470
   210    366
   181    210
   210    379
   121    210
    49    210
   210    502
   210    372
   210    238
   220    366
   366    460
    49    316
    49    416
    49    353
    49     80
    49    467
    49     87
   316    455
   316    531
   316    410
   206    316
   316    471
   382    470
   147    470
   181    470
   470    527
   429    470
   442    470
   296    470
    41    382
   382    386
   382    416
   382    407
    47    382
   125    376
   368    376
   376    409
   336    391
   240    336
   171    336
   336    479
   152    391
   326    391
   391    442
   240    351
   258    351
    22    144
   144    310
   144    263
   144    235
     1    212
    35    212
   212    335
   212    310
   152    212
   212    354
   212    486
   212    452
   212    496
   212    256
   212    521
   201    212
   212    397
   212    474
    92    212
     1    377
     1    250
     1    225
     1    423
     1    454
     1    399
   297    335
   256    297
   297    472
   297    394
   280    297
    24    297
   171    297
   297    403
    75    297
   459    460
   460    486
   149    460
   281    460
   268    459
   459    537
   496    504
   467    504
   124    504
    70    504
   220    504
    35    156
    35    372
    35     75
    35    329
   113    527
   113    474
   113    283
   113    424
    92    113
   113    271
   410    527
   165    527
   202    527
   369    527
   288    527
   320    527
   467    527
   247    283
    43    247
   247    467
   203    247
   228    247
   247    314
   247    368
   247    307
   247    442
    28    247
     3    283
    17    263
    17    508
    89    156
    41     89
    89    429
    89    371
    89    500
    89    141
   428    452
   170    428
   100    411
   411    416
   411    525
   278    361
   272    361
   361    421
   361    430
    20    361
   361    501
   163    394
   163    529
   163    482
     0    163
   163    400
    91    163
    47    394
   394    486
   394    501
   184    394
   270    394
    58    114
    40     58
    58    399
    58     91
    58    509
    58    484
    39     58
    58    469
    58    377
   114    277
    42    114
    87    114
    20    114
   114    492
    28    114
   114    225
    40    251
    40     57
    40    469
    40    287
    40    220
    40     48
   152    521
   141    152
   152    288
    45    152
   128    152
   152    257
   175    521
   162    521
    67    201
   201    254
   201    288
   201    486
   201    528
   175    271
   147    271
   271    407
   120    271
   204    271
   271    375
    45    492
   348    492
    70    492
   112    492
   492    530
   427    492
   437    492
   379    492
   240    492
     7    492
    47    165
    41    165
    90    165
   165    307
    87    165
   100    218
   100    246
    94    100
   100    225
   100    320
   100    335
   442    482
   482    529
    50    482
    72    482
   170    484
   170    248
   170    372
   170    431
    48    170
   126    170
    88    170
    38    429
    27     38
   412    452
   155    412
   310    412
   474    486
   377    486
   270    407
    70    270
   238    270
    46    270
   270    539
    76    270
   162    270
   232    407
   368    407
   256    407
   211    407
   230    472
   160    230
   230    235
   230    490
   257    472
   240    272
   240    314
   240    447
   240    354
   240    369
   145    359
   155    359
   156    359
    44    359
    73    359
    94    359
   293    359
   204    359
    31    145
   145    203
   145    314
   145    360
   145    311
   108    145
   236    538
   319    538
   287    538
   523    538
   133    234
    53    234
   234    418
   133    437
   133    278
   133    281
   410    442
    24    442
   211    442
   258    399
   399    400
   399    421
   244    498
   498    539
    44    498
   206    498
   498    508
     7    498
    70    498
    91    256
   256    335
   256    507
   280    519
   288    519
   232    519
    43    519
   403    519
    37    519
    51    519
   279    519
   372    519
     3    519
   120    519
   280    445
   280    454
   280    409
   272    398
   202    272
   121    272
   252    272
    27    272
    70    367
   248    367
   367    509
   367    467
    24    367
   162    367
    45    367
    76    367
   311    367
   277    509
   157    277
    33    277
   277    373
   335    489
   182    326
   326    408
   319    410
   379    525
   429    525
   185    525
    34    525
   179    525
   525    530
   225    525
    44    525
   241    266
    67    241
    26    266
   252    266
    44    266
   168    266
   266    509
    52    375
   375    533
    52    360
    52    124
    52    108
    52    248
    52    115
    52    479
    52    523
    57    397
   284    397
    88    397
     9    397
   257    523
    42    257
   189    257
   155    257
    53    489
   485    489
   147    489
   107    507
   115    507
   379    507
   171    507
   204    263
    90    306
    27    306
    24    306
   129    306
   126    424
   236    424
   424    522
   424    437
   125    424
     7    424
    31     92
    92    478
    92    111
    92    252
    92    126
    31    319
    31    141
    31     44
    31    179
    31     36
    31    264
    31    129
   151    263
    82    263
   263    360
   224    524
   224    416
     8    485
   235    485
   340    485
   485    508
   126    211
    48    126
    67    126
     0    126
   126    157
    73    126
    26    288
   288    508
    77    288
   200    288
    41    185
    25    185
   122    520
   202    520
   371    520
    41    520
   156    371
   156    279
   156    258
    50    156
   423    484
   182    484
   284    484
    32    484
    48    320
   251    320
   120    320
    50    320
   284    530
   108    452
   181    452
    72    452
   225    452
   452    496
    39     70
    70    225
    25    474
    25    203
    25    420
    25    371
    25     94
   246    474
   141    474
   474    490
   447    474
   251    474
    13    474
   258    474
   357    474
   431    455
   160    377
   252    377
   377    386
    53    377
   254    377
    67    353
    44    353
   287    522
   279    287
   172    372
   372    445
   329    369
    39    369
   160    400
   160    414
   160    220
    96    248
   248    473
    95    248
   248    307
   431    502
   431    501
   151    431
   426    431
     9    218
    82    218
    33    218
   218    536
    32    307
    41    307
   307    420
   307    426
   307    340
    32    490
    32    454
   246    296
   296    469
    51    296
     5    246
   246    373
    42    220
     8      9
     7      8
     9    278
     9     94
     9    450
     9    508
     9    454
   264    524
   390    537
   171    537
   278    537
   155    537
   238    496
   175    327
   175    235
   175    437
   122    175
   175    258
   182    528
   182    311
   125    528
    13    528
   281    314
    33    314
   314    329
   252    314
    26    314
    34    490
   112    436
   379    436
    82    436
    46    461
    46    141
    43     46
    46    468
   310    461
   157    461
   108    461
    90    461
   171    461
    96    461
   416    447
    96    416
   309    416
   120    416
   141    416
   268    414
    57    414
   132    414
    45    414
     0    268
   268    309
   268    427
   260    282
   107    260
    94    260
    48    260
   371    536
   254    478
   128    478
   258    478
   368    488
   471    488
    36    488
    45    429
    13     45
    45    409
   244    310
   235    310
     3    244
    26    244
   244    322
   122    244
   322    340
    37    539
   379    539
   162    172
   172    368
   122    172
    91    172
   172    348
   162    235
   162    450
    33     36
    33     50
   147    421
   147    202
   147    501
    95    421
   421    426
    77    421
   142    421
   124    421
    95    398
    76     95
    91    437
    26    437
    20     91
   121    220
   220    490
    62    214
    22     62
   390    450
   390    398
   390    445
    50    390
   168    390
   329    450
   199    450
   202    418
    20    211
   211    454
   211    509
    72    181
    72    151
    72     73
    72    121
   181    467
   181    401
   181    354
   181    279
   168    181
    48    120
    90     94
   111    132
   111    281
   111    501
    82    111
   111    258
   278    327
     0    278
    67    278
    47    389
    47    184
    50    400
    50    112
    50    136
    50    108
   400    423
    82    221
   221    293
   368    529
   115    368
    80    445
   200    529
   430    529
    26     39
   398    465
   130    284
   136    183
   183    354
   183    348
   236    418
   108    236
    57    236
    24    322
    24     28
    24     57
    24    408
   322    409
   121    199
   121    281
    20    250
   124    348
   348    426
   279    348
   216    348
    43    420
    43    465
    43    502
    96    128
    37    299
    37    151
    37    327
    73    469
   225    235
    13    235
    27    217
    27     36
    27    151
    27    122
    27    129
   508    523
   454    523
   132    206
   132    142
   132    155
    13    132
   184    386
   238    386
   184    465
    57    184
   184    501
   112    533
   112    357
   112    471
   426    533
   251    533
   379    490
     3    279
    22    508
    48    141
   171    447
   258    447
   206    447
   447    471
   171    364
    41     51
    41    200
   136    281
    13    217
    13    508
    13     77
   217    426
   108    403
   373    467
    20    467
   252    467
   179    471
    20    179
   107    522
     0    107
   258    299
   206    502
     0    508
    77     80
    80    225
   206    427
   251    427
   125    206
   206    279
   206    536
    48    238
   122    129
   122    329
   125    155
    48    465
    48    279
    48    373
     5    319
   319    536
   228    465
   228    279
   228    418
   299    465
   293    379
    36    473
   454    468
   142    423
   309    327
   199    471
   430    524
   214    281
    20     94
    94    293
    76    360
    39     76
    76    151
   214    418
   254    418
   418    426
    51    420
   360    430
   252    279
   124    254
    77    293
   214    373
     5    214
    66    311
    53    426
   151    360
   354    420
   360    426
