    26    191
   187    191
   171    191
   152    191
   191    226
   191    248
    89    191
   180    191
    18    191
     7    191
    21    191
   191    225
    83    191
   191    203
    35    191
   191    258
    26    215
    26    134
    26     59
    26    145
    12     26
    26    161
    26    122
    26    188
    26    234
    26    151
    26    164
    26     76
    26     58
    26    130
    26    119
    26     80
    26     63
    26    242
    26    129
    14     63
    63    161
    63     88
    63    110
    63    100
    63     67
    63    133
    63    182
    63    249
    63    123
    62     63
    12     63
    63     85
    63    176
    63     78
    63    122
    63     89
    57     63
    31     63
    63    196
    27     63
    14    125
    14    128
    14     24
    14     25
    14    263
    14     32
    14     85
    14     57
    14    153
    14    228
    14    243
    14    143
    14     91
    14    261
    14     18
    14    133
    91    174
    76     91
    91    226
    91    132
    91    245
    33     91
    91    114
    91    145
    45     91
    17     91
     6     91
    91    211
    91     93
    91    140
    91    108
    72     91
    91    163
    34     91
    37     91
    58     91
   174    226
   174    204
   142    174
   144    174
   174    248
   174    263
   174    210
   111    174
    52    174
   120    174
   119    174
   174    225
   174    258
   174    217
   141    174
    49    174
    31    174
    37    174
    41    211
   152    211
    70    211
    48    211
    49    211
   211    261
   211    249
    32    211
   106    211
    22    211
   176    211
   211    265
   120    211
    47    211
   148    211
   211    213
   181    211
    41    157
    41     70
    41    266
    41    152
    41    197
    41    263
    41    182
    41    147
    41    225
    41     88
    41     51
    41    192
    41    145
    41    190
    41    136
    41    102
    41    210
    27     41
    41     68
    53    260
    29     53
    53     97
    53     83
    53    125
    53    251
    53    220
     2     53
    38     53
     0     53
    53    156
    12     53
    53    114
    53     69
    53    229
    53    248
     3     53
   170    260
   200    260
   156    260
    12    260
    48    260
    25    260
   118    260
   260    264
   139    260
     6    260
   260    261
   140    260
   128    260
     3    260
   209    260
   257    260
   103    142
   103    168
   103    265
   103    124
    34    103
   103    149
    72    103
    60    103
   103    132
    40    103
   103    238
    68    103
     5    103
   103    227
   103    143
   103    150
    19    142
    51    142
   142    214
   142    167
   142    176
   142    182
   141    142
   142    220
   125    142
   140    142
   142    250
    64    142
   142    240
   142    226
   105    142
   118    142
   142    221
   142    143
   142    222
   142    190
   121    247
   120    247
    71    247
   247    248
   151    247
   200    247
   106    247
   205    247
    36    247
   215    247
    49    247
    60    247
    68    247
   180    247
   121    198
    72    121
   121    144
   121    229
   121    231
   121    122
   121    173
   121    202
   121    204
   121    140
   121    169
    13    121
    73    121
   121    139
    23    121
   121    201
   121    210
   121    203
   120    121
    60    155
    58    155
    12    155
    62    155
   155    158
   155    251
   155    171
   155    234
     7    155
    59    155
   102    155
    24    155
   116    155
   146    155
   155    230
    13    155
   155    221
   155    241
   155    187
    60     96
    60    171
    13     60
    60    169
    60    122
    60    222
    37     60
    60    200
    60     82
    60     68
    43     60
    60    129
    36     60
    29     60
    60    256
    60    228
    60    110
    60    236
    60    116
    60    192
    60    187
    49    201
    49    228
    49    224
    49    122
    49    132
    49    147
    40     49
    49    262
    49     52
    49    198
    49     90
    49    193
    49     87
    49    100
   201    208
   201    227
   147    201
   201    259
   201    205
   199    201
    75    201
    50    201
   123    201
   111    201
   201    213
   201    266
   111    130
   111    157
   111    236
     6    111
    83    111
    34    111
     4    111
   111    208
   111    222
   111    129
   111    164
    12    111
    13    111
   111    267
   111    196
   111    225
   130    213
   130    207
   130    253
   130    138
    66    130
    79    130
    30    130
    75    130
   130    133
   130    220
    38    130
   152    263
   145    152
   149    152
   106    152
    89    152
   152    220
    10    152
   152    185
    30    152
    38    152
   152    216
   105    152
   152    249
    66     77
    77    202
    57     77
    77    102
    77    169
    77    125
    77    108
    77    145
    77    212
    77    178
    77    180
    76     77
    77    167
    30     77
    16     77
    77    196
    77     98
    52     77
    77    157
    13     77
    66    127
     7     66
    66    227
    66    158
    66    196
    17     66
    66    179
    66     73
    66    115
    66    132
    66    210
    66    246
    66    232
    66     86
    66    112
    19     66
   175    216
    92    216
   138    216
   112    216
   216    255
   178    216
    95    216
    72    216
    82    216
    47    216
     0    216
   158    216
   216    225
    58    216
    70    216
   102    216
   216    245
    22    216
   195    216
   171    216
    10    175
    50    175
   149    175
   112    175
    18    175
    31    175
   175    218
     2    175
   161    175
   175    248
    37    175
    94    175
     7    175
   110    175
    33     44
    44    161
    44    147
    44    185
    23     44
    44    228
    44    136
    44    107
    44    139
    44     84
    44    261
    44    123
    44     61
    33     48
    33    122
    33     58
    33    238
    33    127
    33    228
    13     33
    17     33
    33     35
    33     80
    33    231
    33    252
    33    114
    33    149
    33    123
    33    159
     2     33
    33    169
    33    198
    33    235
   180    237
   180    185
    48    180
   180    222
   147    180
   125    180
    68    180
   144    180
   158    180
     2    180
   180    221
    94    180
    34    180
   180    182
   141    180
   180    238
   179    180
   180    214
   114    180
   192    237
    79    237
   205    237
    40    237
   148    237
    36    237
    99    237
   143    237
   137    237
    76    237
   112    237
    10    237
   140    237
   138    237
   154    237
   158    237
   237    238
    85    139
   139    254
    32    139
   127    139
   139    242
   123    139
   139    238
    73    139
    42    139
    88    139
    40    139
   139    184
   139    182
    47    139
   139    208
   139    148
    85    208
    85    229
    85    217
    85    194
    38     85
    85    268
    85    107
    85    128
    85     89
    76     85
    85     97
    85    225
    85    113
    85    176
    85    109
    85    239
     4     85
    85    214
    51     85
    47     85
    85    104
     6    197
     6     34
     6    109
     6    145
     6    222
     6    117
     6     29
     6    148
     6     89
     6    206
   197    231
    30    197
   197    205
   169    197
   105    197
   197    210
   102    197
   171    197
   197    225
   197    255
   197    230
   120    197
    73    197
   197    206
   190    197
   156    177
   135    177
   105    177
   177    252
    40    177
   177    233
   177    265
    67    177
     9    177
   177    231
   177    215
   151    177
    76    177
   158    177
   177    228
   156    243
   156    215
   156    262
   156    158
   156    249
   156    232
   112    156
   156    203
   156    172
   150    156
   156    248
    64    156
   117    156
   136    156
   156    239
    12    185
   185    265
   113    185
   164    185
   185    231
    94    185
   159    185
   185    200
   185    220
    52    185
    34    110
    34    112
    34     40
    29     34
    21     34
    34    172
    34    135
    34    168
    34    104
    34     72
    34    114
    34     86
    34    221
    34    268
    34    165
   110    173
    55    110
   110    258
   110    235
   110    217
   110    124
   110    246
    64    110
   110    259
   110    261
   104    110
   110    114
   110    160
     5    110
    23    233
     5    233
   181    233
   189    233
   233    238
   233    243
   233    263
    16    233
    46    233
   233    256
   157    233
   210    233
   233    245
    22    233
   233    268
   233    253
   104    233
   233    254
    23    172
    11     23
    23    129
    23    256
    23     61
    23    215
    23    219
    23    128
    23    141
    23    240
    23    171
    32    194
    32    160
    32    256
    32     92
    32    219
    32    225
    32     86
    32    113
    32    153
    32     57
    32     45
    32     96
     9     32
    32     64
    16    194
    93    194
    99    194
   194    258
    15    194
   194    199
   118    194
   194    238
   122    194
     7    194
    21    194
   137    194
    31    194
   172    194
   160    194
    19    194
   105    194
    46    127
   127    147
   127    225
   127    267
   127    199
   127    269
   127    164
   127    264
    70    127
    35    127
   127    153
   127    236
    64    127
   127    251
   173    264
   173    236
   173    257
    69    173
   173    190
    76    173
    29    173
    28    173
   162    173
   125    173
   143    173
   144    173
    20    173
   173    224
    99    173
    81    173
   151    173
   153    173
   161    173
    62    173
   173    219
    59    244
   244    267
    98    244
   131    244
   170    244
   176    244
   232    244
   109    244
   239    244
    25    244
    75    244
   171    244
   219    244
   151    244
     8     59
    59    195
    59     71
    48     59
    57     59
    59    141
    59    205
    59    135
    59    256
   109    114
    76    109
    95    109
    45    109
    12    109
   109    166
    97    109
    36    109
   109    178
   109    243
    54    114
     4    114
   114    199
   114    208
    70    114
   114    231
    47    114
   114    222
    92    114
    76    114
   114    265
    93    114
     2     35
     2    182
     2    209
     2    255
     2     29
     2     31
     2    227
     2    163
     2     13
     2    212
     2     47
     2    190
     2    195
    35    256
    35     46
    35     90
    35    207
    29     35
    35     62
    35    166
    35    257
    35     48
    35    171
    35    234
    35    100
   236    266
   126    266
   181    266
   134    266
   119    266
   183    266
    93    266
   165    266
   199    266
   223    266
   162    266
   253    266
   202    266
    52    266
   204    266
   168    266
   186    266
    17    266
   236    255
    68    236
     3    236
   134    236
    11    236
   236    252
    13    236
   107    236
   212    236
   151    236
   196    236
   230    236
    21    236
   105    236
   195    236
   236    256
    97    169
   169    179
   149    169
   166    169
    79    169
   105    169
   169    204
    37     97
    97    241
    22     97
    97    116
    68     97
    97    115
    84     97
    21     97
    24     97
    97    263
    97    123
   107    252
   129    252
    37    252
   164    252
   165    252
    24    252
   131    252
   252    264
   252    261
   143    252
   182    252
   146    252
   107    222
    99    107
    94    107
   107    210
   107    257
   107    241
    76    107
    36    107
   107    200
    29    107
    64    107
    21    107
   107    115
    28    255
   150    255
   200    255
   158    255
   243    255
    39    255
    37    255
   255    264
   165    255
   255    263
   162    255
   117    255
   120    255
    68    255
    54    178
    54     74
    54    212
    54    226
    54    143
    28     54
    54    187
    54    134
    54    105
    54    204
    54    243
    10    106
    10     67
    10     80
    10    135
    10    243
    10    189
    10    223
    10    162
    10     57
    10    224
    10    172
    10    123
     3     10
    46    106
    86    106
   106    181
   106    116
   106    238
   106    141
   106    182
    69    106
    93    106
   106    138
   106    217
   106    157
   106    125
    65    106
   170    253
   143    170
    93    170
   170    209
   170    225
    95    170
   170    198
    52    170
   128    170
   170    240
   140    170
    99    170
   170    210
     4    170
   171    253
   248    253
   253    267
   128    253
   209    253
    50    253
    56    253
   117    253
     5    253
    68    253
   143    253
     7    200
    90    200
    65    200
    96    200
   200    207
   200    224
   200    261
   199    200
   200    232
    51    200
   122    200
    68    200
   158    200
   172    200
     7     51
     7    129
     7    202
     7     84
     7     73
     7     96
     7     62
     7    104
     7    187
     7    205
     4      7
     7     64
     7    112
     7     70
     7     74
    51    208
    51    188
    51     69
    13     51
    51    235
    51    124
    51    223
    51     94
     3     51
    31    203
    22     31
    31    184
    31    209
    31    154
    31    264
    31     52
    31     71
    31     90
    31    116
    31    214
    31     65
    31    131
    31    249
    31     75
    31    229
    31    143
    31    254
    71    203
   129    203
   141    203
   203    212
    89    203
   133    203
    88    203
    17    203
   105    203
    46    203
   225    267
   161    267
   240    267
   133    267
   154    267
   186    267
    21    267
   112    267
   220    267
    48    126
    27     48
    48    157
    48    220
    48     89
    48    226
    48    178
    48    145
    24     48
    48    192
    48    265
    37     48
    48    112
    48    219
   195    229
   192    229
    46    229
   140    229
    89    229
   210    229
   113    229
    52    229
   153    229
   172    229
   229    232
    42    229
   128    195
    45    195
   104    195
   195    204
   147    195
   160    195
   138    195
   164    195
    30    195
   151    195
    28     55
    55    202
    55    223
    55    227
    38     55
     3     55
    55    241
    55    221
    55     57
    55     74
    28    182
    28     78
     8     28
    28    100
    28     82
    12     28
    28    118
    28    265
    28     70
    28     75
    28    245
    28     68
    28    126
    96    192
    96    160
    20     96
    90     96
    96    137
    73     96
    96    245
    92     96
    96    235
    96    104
   189    192
   192    223
   192    206
    40    192
   164    192
    38    192
   150    192
   192    238
   113    192
   154    192
   131    192
     4    104
     4    263
     4     22
     4    269
     4    208
     4    193
     4     98
     4    164
     4    234
     4     89
     4    162
     4    100
     4     80
     4     92
     4     29
     4    232
     4    115
     4     15
     4    218
   104    198
    21    104
   104    154
   104    134
   104    212
   104    123
     0    104
    73    104
   100    104
   104    214
   104    147
    50    131
    50    101
    50    102
     8     50
    50    256
    50     65
    40     50
    50    157
    47     50
   131    210
    88    131
   131    251
   131    153
   131    212
    12    131
   131    135
    78    131
   162    198
   179    198
   198    263
   198    245
   198    264
   178    198
    40    198
    58    198
    78    198
   151    198
   198    258
    87    198
    73    262
    73    146
    73    134
    73    182
    73    212
    73    186
    73    178
     1     73
    73    234
   257    262
    88    262
   157    262
   125    262
   102    262
   223    262
    76    262
   262    268
   250    262
    52    248
   248    250
    74    248
    89    248
   115    248
   123    248
   117    248
    52    184
    52    251
    21     52
    17     52
    52    119
    18     52
    52    261
    52    144
    42     52
    52     79
   120    263
    70    263
   238    263
    13    263
   129    263
     1    263
     8    263
   239    263
   219    263
    71    263
   231    263
    76    263
   119    263
   100    263
   230    263
    74    263
   225    263
    95    263
   162    227
   162    183
   162    215
   162    163
   162    235
   162    219
    80    162
    11    162
   162    232
   143    162
   150    162
    40    162
    17    162
    70    162
    87    162
   143    148
    94    143
    18    143
   102    143
   143    190
   143    234
    99    146
    99    221
    94     99
    99    183
    99    239
    99    113
    99    181
    29     99
    99    210
    18    146
    94    146
    16    146
   146    230
   100    146
    58    146
   144    146
   146    172
    24    146
   146    222
    16    220
    16    222
    16    161
    16    138
    16    145
    16    231
    16    256
    16    240
    16     93
    16     83
   132    161
   161    199
   161    227
   161    215
    17    161
    90    161
   153    161
    25    161
    58    122
    58    264
    58    231
    58    160
    58    150
    58     81
     1     58
    58     80
    58    235
    58     79
    58     98
    58    126
    58    245
    62    208
   132    208
    38    208
   153    208
    65    208
    70    208
   123    208
   118    208
   133    208
   208    257
   208    240
   122    208
   208    224
   113    208
    46    120
    46    171
    46    181
    46    154
    46    167
    46    101
    46    129
    46     95
    46    219
   120    128
   105    120
   120    268
   120    179
    25    120
   120    124
   120    207
    42    120
   119    120
   120    165
   120    250
   120    224
   120    181
    11    219
   141    219
   219    251
    67    219
   219    249
    40    219
   219    245
   209    219
    11     83
    11     82
    11     71
    11    119
    11     30
    11    202
    11     18
    11    184
    11    183
    11    116
    12    228
    12    212
     8     12
    12     95
    12    256
    12    202
    12    171
    12    128
    12    123
    12    257
    12    193
    12    172
    12    137
    12     90
    56    158
   158    254
    25    158
   158    184
   158    256
   158    182
   158    163
   158    245
   133    158
    24    158
     9    158
   128    158
   158    257
   158    183
    56    166
    56    224
    56    256
    45     56
    21     56
    56    223
     8     56
    56    147
    56     83
    13     56
    56     61
   132    214
    29    214
   133    214
   209    214
    42    214
   153    214
   151    214
   190    214
   160    214
   132    227
     9    132
    43    132
    84    132
    83    132
   132    261
   132    239
   132    157
    88    132
   129    132
    86    241
   182    241
   239    241
   151    241
   183    241
   108    241
   241    259
   122    241
    67    241
    86    154
    86    246
   150    204
    61    150
   102    150
   118    150
   150    235
   144    150
   150    221
    45    150
   147    150
   150    168
    43    150
   133    150
    76    150
   150    182
    38    150
   204    218
   117    204
   141    204
    30    204
    80    204
   147    204
    62    204
   204    269
   153    172
   172    249
   172    178
    17    172
   100    172
   172    256
    38    172
   138    172
     1    172
     5    172
   213    269
    30    269
   239    269
   256    269
   224    269
    69    269
    94    213
    45    213
   213    228
    13    213
   184    213
   213    221
    61    165
    38    165
    72    165
    75    165
   165    188
    82    165
   165    176
    18    165
    61    242
    61    209
    13     61
    61    100
    61    220
    61    181
    61    264
    61    217
    61    224
    94    122
    80    122
    84    122
    39    122
    57    122
   122    181
    72    122
   108    122
   122    178
   122    147
    81    122
    37    122
    36    122
   163    217
   217    250
    40    217
   217    227
    90    217
   108    217
   153    217
   148    217
    47    217
   193    217
   217    245
   137    217
    72    163
    69    163
    94    163
   163    166
   163    184
   163    181
   163    178
   163    246
   163    189
    84    125
    84    189
     0     84
     5     84
    84    102
    84    226
    84    123
    79     84
    21     84
    84    181
    84    230
    84    126
    84    188
    84    245
    76     84
   125    178
     8    125
   125    205
   125    171
   125    245
    65    125
   125    223
   125    246
    13    149
   149    157
   149    159
   149    242
     5    149
   149    245
    27    149
    17    149
    13    171
    13    124
    13    178
    13    102
    13    251
    13     25
     3    221
     3    230
     3     80
     3    245
     3    160
     3    136
     3    209
     3    102
     3    240
     3    234
     3    151
     3    137
    69    221
    21    221
   124    221
    18    221
   101    221
   181    221
    71    221
    47    221
   202    221
   221    239
   157    224
    57    157
    87    157
    65    157
   157    206
   157    225
   157    242
   157    218
    29    157
   157    222
    74    157
    21    157
    22    220
    22     62
    22    210
    22    249
    22     29
    22    181
    22    137
    22     81
    22     71
    22    239
    22    116
    22    223
   220    224
   220    223
   148    220
     0    220
    79    220
   160    220
    81    220
   133    220
   220    257
    98    220
    98    137
    98    118
    88     98
    15     98
    98    129
    20     98
     1     98
    24     98
    93     98
    98    245
    75    137
    25    137
    24    137
    82    137
    68    137
   137    242
     0    137
   137    235
    18    137
    88    137
    95    225
   147    225
   101    225
    20    225
   189    225
   225    231
   124    225
   135    225
   133    225
    95    215
    27     95
    25     95
    43     95
    95    112
    95    196
    20     95
    94     95
    95    105
    69    128
    69     88
    69    251
    29     69
    69    234
    69     75
    69    102
    47     69
    69     94
    57    128
   128    231
    87    128
   128    224
   128    167
    76    128
    17    128
   128    168
    75    128
   128    186
    18    113
    18    186
    18     78
    18     39
    18    242
     1     18
    18    218
    18    148
    18     25
    18     47
    18    257
   113    154
    29    113
    20    113
   113    238
    24    113
   113    235
    81    113
    62    212
    62    265
    62    144
    62    101
    62    171
    62    240
    62    249
    62    196
     5     62
    30     62
    57    212
   190    212
   212    268
   218    234
   167    234
   144    234
   115    234
    67    234
   199    234
    83    234
   196    218
   100    218
   205    218
    90    218
   218    235
    67    153
   153    182
    37    153
   119    153
    25    153
   153    183
    88    178
   178    257
   178    224
    29    178
    90    178
   178    227
   160    238
     9    160
   102    160
    82    160
   160    264
     0    222
    94    222
    75    222
    89    222
   129    222
    25    222
   222    249
    79    222
    76    222
   222    242
    78    222
   144    166
   166    232
   166    196
     1    166
   166    207
   159    166
   166    189
    68    166
   148    166
   147    166
   115    144
    45    144
    37    144
   144    258
   144    154
    81    144
   144    226
    42    144
    75    144
    25    189
   189    261
   181    189
   189    243
   154    189
   189    246
   184    189
    29    101
    29    227
    29    259
    29     88
    29    196
    29    206
    29    133
    29    183
   129    154
   129    190
    64    129
   129    265
    74    224
    64    224
   186    224
    30    224
   224    265
    94    224
   108    224
    47    230
    93    230
    17    230
   230    246
   168    230
    25    230
   148    230
   230    242
   186    230
   126    230
    47    117
    47    207
    47     79
    47     57
    47    135
    47     82
   227    249
   196    227
    67    227
   108    227
   227    243
    27    227
   187    227
    81    227
    80    184
   126    184
    78    184
   171    184
   135    184
   151    184
   140    184
   184    264
   148    184
   206    256
    71    256
   117    256
    68    256
   249    256
   240    256
    83    188
    83    190
    71     83
    83    147
    83    242
    83    251
    83    249
    83    117
    83    250
    83    246
    89    188
   179    188
   188    240
   188    232
   167    188
   100    188
     9    188
    70    254
    70     81
    70     75
    65     70
    70    112
    15     70
    70    257
   240    250
     1    250
    24    250
   235    250
   147    250
    88    250
   117    250
   134    250
   215    228
   136    215
   138    215
   206    215
    67    215
    42    215
    68    215
   168    179
   101    168
   168    261
    78    168
   168    235
   168    245
   168    264
    42     90
    75     90
    90    134
    90    105
     8     90
    90    182
    92    112
    92    116
    92    206
   186    242
    19    186
    88    186
   186    265
   186    249
   186    259
   186    257
   182    186
    89    242
   123    242
   181    187
   138    187
    39    187
   187    190
    36    187
   126    187
   164    187
    38    147
   147    268
   147    176
   147    223
   147    148
    17    147
   141    147
   147    261
    67     79
    76    100
    75    100
   100    182
     5    100
   100    257
   100    112
    42    100
   100    105
   100    179
    76    154
    76    209
    76    246
   209    240
    64    240
   159    240
   206    240
   183    240
    40    240
   240    246
    89    176
    89    261
    89     93
    89    118
    89    249
    89    164
    89    232
    89     94
   181    265
   199    265
   231    265
   164    265
   167    265
    42    265
    72    265
   202    265
   136    265
    93    108
    93    117
    93    116
   117    228
    36    117
   108    117
   117    249
    57    117
   117    261
     0    254
   254    261
    57    254
    78    138
   138    154
   138    231
    68     71
    71    246
    71    148
    36     71
    71    141
    15     71
    71    261
    27     68
    68    116
    20     68
     1     68
   112    259
   112    239
   112    261
    38    112
    94    112
   112    123
    25    112
   118    259
   259    264
   151    259
    42    259
    79    259
    81    259
   226    259
    37     64
    64    124
    64    164
    20     64
    64     72
    64    239
    64    228
    64    101
    64    183
     9     37
    37    190
    37    258
    19     37
    20     37
    37    206
    75    226
     9    226
   179    226
    57    226
    25    231
    81    231
   124    199
   199    257
    25    171
   171    238
   123    171
   171    205
    21    257
     9    257
   116    257
   257    268
    21     40
    25     40
     1     40
    40    135
    27     88
    17     27
    27    119
    27     65
    27    151
    27    148
    42     88
    88    176
    15    193
    15     79
    15    196
    15     57
    15    182
    15     30
    15    206
   193    235
   141    193
   101    193
   193    245
    65     74
    74    135
    74    126
    94    164
    94    126
    38     94
    94    249
    79     94
   102    164
    21    164
   164    239
   133    164
   105    164
    45    164
    72    209
   183    209
   115    202
    82    202
   202    205
   135    202
    57     75
    57    136
    57    249
    57    167
    57    141
    25     57
     9     80
     9    190
     9     43
     0      9
     9    118
     9    228
   167    238
   196    238
    75    238
   181    238
   141    238
     1    238
    24    238
    78    238
    82    238
     0    179
    30    179
   133    179
   179    205
    65    179
   182    196
   154    182
    80    182
   182    251
    80    176
    80    141
     1     80
    80    140
    80     87
    80    249
    75     80
    39     80
    80    118
    45    159
    45    245
    45     78
   159    249
     5    159
   159    232
   115    159
     8    239
   154    239
     8    108
     8     78
     8    119
     8    154
   223    264
   118    264
    20    264
   123    249
   228    249
   249    258
    65    249
    78    249
   196    235
   118    196
   126    261
    24    126
   126    210
    38    126
    75    101
    75    118
    75    134
    39     75
   101    115
   101    235
    21    101
    19    154
   154    190
   119    154
    87    154
   134    154
    36    154
   118    251
   133    235
   134    176
   134    210
   134    207
     0    206
     0    190
     0     25
   124    258
   102    124
    78    148
    78    245
    78    135
   228    243
   207    228
    19    135
   135    205
    39    135
    72    135
   135    232
   176    190
     1     20
    20    243
    20    183
    20    207
    20     24
    20    148
   102    207
   136    207
    65    123
    65    258
    65    108
   136    251
   136    210
    30    136
    30    105
    30    223
    30     72
    30    206
    30    145
    38    183
   119    183
   140    183
    38    116
    38    123
    38    105
    19    181
    82    181
   115    167
    19    167
   151    167
    72    167
   115    243
    24    243
    72    245
    87    245
    21    245
    19     87
     1     19
    19    223
    19    102
   115    145
   119    145
   116    145
   115    176
    17     21
   119    133
    43    108
   108    206
    43    261
    87    105
    43    105
    72    205
    42    210
    72    210
   206    232
     1     79
    25    148
    72    148
    21    116
    21     87
    24    141
    79    223
    42     79
    79    141
    36     42
    87    223
    87    116
    72    102
   102    176
    72    123
   123    223
    25     81
    81    123
   140    268
   141    268
    25     39
    25    133
