    10     11
    11     70
    11     53
    11     55
    11     62
    11     25
    10     65
     5     10
    10     29
    10     44
    24     58
    53     58
    42     58
    23     58
    24     25
    43     66
    32     43
    43     60
    43     67
     2     43
    12     66
     1     61
     1     57
     1     63
     7     61
    28     61
     6     61
    17     19
    17     75
    15     19
    37     60
    37     41
     3     37
    38     60
    52     60
    45     60
    20     74
    40     74
     4     20
    20     39
    20     26
     7     44
     7     33
     7     67
    35     65
    65     73
    35     53
    71     73
    27     73
    69     73
    26     73
    44     73
     3     67
    67     71
     9     21
    21     41
     4     70
    45     70
    18     39
    36     39
    50     63
     8     50
    40     50
    52     63
    54     56
    25     54
     8     56
     6     38
    23     52
    36     51
    42     51
    51     59
     5     64
     5     13
     5     27
     2     46
    15     46
     2      4
     2     49
     2     69
    40     42
    42     59
     0     45
    45     55
     0     57
     0     23
    15     29
    28     32
    28     71
     8     62
    57     68
    23     57
    40     41
    59     75
    34     59
    22     62
