    21     23
    17     23
    15     23
    13     23
    12     23
    14     21
    19     21
    16     21
     7     21
    11     21
    21     25
     8     21
     1     14
    14     25
     4     13
     0     13
    12     13
     6     13
     7     13
    13     19
     3     13
    13     22
     4      9
     0     10
     0     19
     0     22
     9     24
     2     24
    10     24
     9     18
     7      9
     9     22
    17     20
     5     17
     2     17
    17     19
     2     15
     6     15
    15     16
    15     20
    15     25
     2     12
     3     18
    11     18
    12     25
    10     16
     3     10
     7     10
     6     19
     5      6
     6      8
     1     16
     8     16
     7     20
    20     22
     5     11
     7     19
    19     25
     8     22
     3      8
     7     22
