    31    927
   386    927
   823    927
   507    927
   333    927
   809    927
   665    927
   927    928
    31     66
    31    228
    31    815
    31    115
    31    847
    31    165
   116    895
   116    858
   116    337
   116    752
    94    116
   116    535
   116    270
    12    116
   116    524
   116    207
   116    572
   116    173
   116    881
   116    156
   116    294
   522    895
   538    895
   673    895
   854    895
   511    895
   294    895
   293    895
    36    696
    36    607
    36    274
    36    568
    36    497
    36    227
    36    508
    36     61
    36    626
    36    115
    36    213
   696    712
    67    696
   529    696
   696    906
   696    812
   280    696
   696    824
   391    696
   119    696
    79    562
    79    227
    79    852
    79    905
    79    149
    79    480
    79    835
    79    832
    52     79
    79    449
    79    598
    79    229
    74     79
    79    135
   562    663
   562    580
   562    738
   462    562
   562    902
   562    769
   562    782
   533    562
   562    884
   562    641
   562    649
   562    903
   562    625
   353    562
   530    562
   485    562
   695    881
   420    695
   432    695
   362    695
   695    896
   232    695
   316    695
   152    695
   102    695
   695    723
   695    737
   134    695
    63    695
   455    695
   695    765
    68    881
   783    881
   734    881
   235    881
   799    881
   803    881
   862    881
   422    881
   427    881
   165    297
   165    262
   165    752
   165    471
   165    233
   165    496
   165    378
   165    863
   165    750
   134    165
   297    811
   297    663
   297    329
   297    877
   297    365
   297    379
   297    563
   297    817
   297    540
   297    497
   297    846
   134    297
   297    937
   297    734
    51    297
   126    459
   126    172
   126    898
   126    896
   126    454
    19    126
   126    468
   126    713
   126    914
   126    376
   126    731
   126    939
   100    126
   376    459
   459    698
   147    459
   179    459
   459    756
    16    459
   459    761
   380    459
   459    810
   459    863
   459    684
    59    572
    59    847
    59    403
    59    301
    59    675
    59    114
    59    849
    59    400
    59    323
    59    651
   298    572
    13    572
   333    572
   558    572
     7    572
   572    827
   572    818
   185    572
    47    572
   386    572
   441    572
   606    820
   606    662
   606    741
   132    606
   439    606
   155    606
   315    606
   255    606
   606    843
   516    606
    88    606
   110    606
   606    729
   470    606
   127    606
   606    655
   522    820
   280    820
   362    820
   283    820
   307    820
   820    885
   405    820
   298    820
   112    820
   534    820
   654    820
   584    820
   307    598
   570    598
   535    598
   118    598
    58    598
   177    598
   598    650
   423    598
    64    598
   261    598
   204    307
   307    832
   119    307
   307    609
   307    546
   307    897
    22    307
    99    307
    33    307
   274    307
   488    663
   195    663
   285    663
   255    663
   335    663
   612    663
   518    663
   663    755
   663    930
   206    663
   477    663
   298    663
   409    663
    78    766
    78    301
    78     98
    78    647
    78    605
    77     78
    75     78
    78    137
    78    547
    78    241
    78    374
    78     86
    78    924
    52     78
    15    766
   581    766
   122    766
   145    766
   296    766
   466    766
   472    766
   285    766
   224    766
   153    766
   766    860
   309    766
    63    134
    63    875
    63    746
    63    635
    37     63
    63    579
    43     63
    63    280
    63    510
    63    163
    63    173
    63    939
   134    838
   134    352
   134    306
   134    323
   134    782
   134    800
    18    134
   134    364
   134    280
   134    163
   134    330
   134    241
   134    221
   134    852
   397    845
    97    397
   397    752
   397    535
    44    397
   337    397
   397    700
   141    397
    96    397
   397    849
   195    397
   397    487
   397    514
   284    845
   320    845
   845    929
   267    845
   391    845
     2    845
   597    845
   398    845
   447    845
    55    845
   420    845
    61    845
   389    845
   184    845
   825    845
   372    669
   255    372
   372    402
   372    563
   224    372
   346    372
   167    372
   372    780
    35    372
   222    372
   309    372
   372    487
   372    590
    40    372
   145    669
   331    669
   625    669
   540    669
   669    891
    47    669
     8    669
   539    669
   537    669
   669    712
   305    669
   528    765
   585    765
   106    765
   358    765
   765    870
   765    907
   558    765
   364    765
   294    765
   261    765
   174    765
   527    765
   511    528
   317    528
   528    643
   380    528
   124    528
   105    528
   451    528
   390    528
   519    528
   354    683
   354    675
   354    849
   145    354
   354    762
   270    354
   354    560
   354    726
   354    782
   683    794
   683    699
   486    683
   677    683
   588    683
   683    697
   535    683
    40    683
   582    683
   183    683
   348    683
   615    683
    64    344
    64    136
    64    181
    64    200
    45     64
    64    555
    64    538
    64    252
    64    370
    64    601
    64    184
    64    597
    26     64
    64    512
    19     64
    64    135
    64    311
    64    186
    64    905
    64    675
   344    750
   344    862
    99    344
   290    344
   344    746
   344    600
   150    344
   344    366
    22    344
   344    395
   190    344
   128    344
   319    344
   344    358
   344    921
   344    697
   344    817
   192    828
   828    842
   108    828
   423    828
   828    868
   197    828
    56    828
   232    828
   828    914
   432    828
   192    819
   129    192
   192    315
   192    682
   171    192
   192    902
   192    271
   190    192
   192    584
   192    679
   192    498
   192    553
   192    274
   182    192
   481    750
   481    625
   170    481
   481    811
   103    481
   481    649
   382    481
   640    750
    45    750
   173    750
   482    750
   368    750
   750    758
   682    750
    72    750
    62    750
   750    827
   750    891
   355    750
   523    750
   616    619
    68    619
   619    770
    27    619
   619    697
   168    619
   291    619
   510    619
   605    619
   432    619
   616    847
   195    616
   148    616
   217    616
   353    616
   144    616
   334    616
   616    728
    84    616
   215    616
   616    848
   227    616
   616    874
   444    616
   616    617
   139    890
   875    890
   135    890
   509    890
   271    890
   890    932
   853    890
   241    890
   599    890
    84    139
   139    177
   139    367
   139    202
   139    369
   139    742
    70    139
    13    139
   139    338
   139    183
    98    139
   139    679
   139    382
   631    728
   728    739
   335    728
   367    728
   257    728
   109    728
     9    728
   728    815
   728    917
   728    867
   541    728
   309    728
   535    728
   271    631
    14    631
   631    692
   631    649
   631    723
   346    631
   214    631
   414    631
   390    869
   679    869
   221    869
   282    869
    29    869
   309    869
   158    869
   644    869
   735    869
   758    869
   390    770
   390    593
    71    390
   203    390
   390    398
   315    903
   117    903
   503    903
    58    903
   504    903
   591    903
   527    903
   109    903
   590    903
   656    903
   713    903
   101    903
   315    685
   315    529
   211    315
   121    315
   244    315
   315    522
   315    558
   315    909
   207    315
   227    315
   559    876
   495    876
   471    876
   419    876
   716    876
   659    876
   870    876
   182    876
   189    876
   451    876
    72    876
   876    917
   303    876
   588    876
   277    876
   370    559
   306    559
   559    575
   559    751
   108    559
   559    608
   127    559
   559    798
   448    559
   533    559
   559    901
    86    559
   470    853
   464    853
   672    853
   164    853
     8    853
   189    853
   452    853
   538    853
   211    853
   470    690
   263    470
   470    546
   312    470
   470    689
   233    470
    86    470
   314    470
   186    470
   216    470
   470    888
   196    412
   405    412
   412    684
   412    838
   412    635
   412    579
   253    412
   412    515
   412    817
   282    412
   404    412
   167    412
   412    935
   412    668
   196    294
   196    312
   196    595
   196    848
    98    196
   196    641
   196    204
   196    469
   196    485
   196    426
    75    196
   196    281
   196    859
   196    814
   196    757
   196    410
   196    707
   196    771
   312    423
   312    522
    26    312
   312    567
   312    325
   115    312
   312    540
   312    826
   312    404
   312    569
   312    721
   312    675
   312    343
   386    423
   423    479
   423    871
   219    423
   174    423
   286    423
   423    442
   423    735
   239    423
    54    423
   423    634
   423    797
   423    501
   557    842
   353    842
   782    842
   436    842
    11    842
   605    842
   787    842
   749    842
   497    842
   127    842
   279    557
   103    557
   222    557
   557    919
    86    557
   466    557
     2    557
   159    557
    19    557
    12    557
   557    775
   557    731
     0    557
   557    877
   355    852
   355    430
   142    355
   278    355
   355    477
   327    355
   267    355
   275    355
   355    524
   287    852
   722    852
   638    852
   250    852
   644    852
    67    852
   434    852
   133    287
   287    763
   287    802
   287    844
   287    325
   247    287
   287    360
   267    933
   267    778
   267    343
   267    516
    85    267
   228    267
   267    930
   267    859
   266    267
   105    267
   267    460
   267    552
   694    933
   229    933
   727    933
   691    933
   180    933
   248    933
   505    933
   575    699
   575    655
   256    575
   575    674
   575    684
   575    757
   575    875
   558    575
   435    575
   398    575
   472    575
   207    575
   347    699
   340    699
   699    740
   505    699
   699    877
   699    810
   539    699
   384    699
   424    699
   584    699
   699    851
   699    784
   699    801
   699    912
   699    836
   278    699
    48     82
    48    158
    48    299
    48    117
    48    171
     7     48
    48    909
    48    352
    48    908
    48    627
    48    154
    48    510
    48    643
    30     48
    48    602
    82    615
    82    737
    82    738
    82    857
    23     82
    82    123
    82    441
    82    446
    82    437
    82    149
    82    185
    82    337
    82    860
    82    887
    82    114
    82    702
    82    660
    82    316
   374    640
   640    864
   202    640
   560    640
   640    789
   201    640
   615    640
    87    640
   120    640
   640    861
   209    640
   543    640
    99    640
   271    710
   149    271
   271    935
   271    806
   271    758
   271    712
   251    271
   174    271
   271    425
   493    589
   493    792
     6    493
   123    493
    69    493
   493    550
    85    493
    35    493
   493    830
   493    652
   187    493
   367    493
    14    493
   413    493
   493    817
     4    493
   437    493
   478    589
   110    589
   199    589
   284    589
   589    620
   231    589
   186    589
    10    770
    13    770
   770    791
   228    770
   569    770
   246    770
   462    770
    40    770
   621    770
    85    180
    52     85
    85    682
    85    128
    85    248
    85    568
    85    599
    85    922
    85    404
    85    395
    85    583
    85    136
    85    686
    85    234
    10    180
   180    340
   180    803
   180    600
   180    343
   118    180
   180    334
   180    902
   180    627
   299    641
   299    427
   299    901
   299    369
   221    299
   299    780
   299    456
   147    299
   299    405
   154    299
   101    299
   641    887
   641    746
   641    759
   610    641
   155    641
   327    641
   221    641
    54    641
   641    832
   641    868
   609    641
   325    641
   119    633
   633    713
   633    886
   365    633
   633    714
   289    633
   633    934
   633    871
    66    633
   531    633
   633    709
   137    633
   633    708
   632    633
   633    935
   483    633
   119    912
   119    872
   119    917
    68    119
   119    386
   119    851
   119    140
   119    819
   119    824
   118    119
     2    119
   119    280
   177    336
   172    336
   336    391
   336    361
   253    336
   336    486
   336    370
   237    336
   336    368
   336    788
   336    704
   266    336
   177    350
   177    898
   177    761
   177    339
   177    380
   177    227
   177    607
   177    231
   100    177
   342    567
    70    567
    56    567
   567    637
   567    730
   237    567
   442    567
   342    843
   342    653
    45    342
   102    342
   342    410
   342    768
   281    342
   342    428
   342    793
   242    383
   383    648
   133    383
    35    383
   138    383
   107    383
   383    877
   383    672
   383    921
    43    383
   345    383
   242    254
   242    587
   242    937
   242    835
   158    242
   242    707
   235    242
   242    376
   123    242
   242    469
   199    546
   523    546
   546    724
   546    776
   546    807
   345    546
   117    546
   546    870
   546    716
   546    604
   106    546
   154    546
   199    252
   199    246
   199    597
    62    199
   199    407
   199    447
   199    761
   199    871
   199    316
   142    199
   294    920
   290    294
   294    730
   263    294
   150    294
   294    807
   261    294
   294    371
   112    294
   294    579
    89    294
    71    294
   294    627
   294    939
   232    554
   554    601
   554    787
   416    554
   554    883
   554    919
   554    594
   272    554
   232    608
    99    232
   172    232
   232    727
   232    602
   232    723
   232    705
   232    537
   232    337
   232    796
   189    232
    22    232
   232    468
   232    426
   634    821
   257    821
   630    821
   450    821
   566    821
   117    821
   821    882
   162    821
   211    821
   108    821
   730    821
   220    821
    55    821
   332    634
   634    715
    21    634
    47    634
   125    634
   376    634
   634    791
   634    753
   634    720
   580    634
   443    455
   237    455
   455    519
   402    455
   455    601
   455    719
   455    543
   314    443
   189    443
   353    443
   443    529
   443    609
   443    627
   335    392
   200    392
   392    394
   392    710
   392    936
   392    609
   392    521
    68    392
   392    912
   392    753
   129    392
    15    392
   335    711
   335    590
     2    335
   122    335
   335    535
   335    659
   335    484
   335    827
   335    593
   335    884
   515    938
   515    898
   298    515
    58    515
   473    515
   379    515
   206    515
    23    515
   352    515
   234    515
   496    515
   515    851
   448    515
   515    936
    35    938
   266    938
   240    938
   772    938
   403    938
   904    938
   257    938
   365    938
   798    938
   174    938
   858    938
   170    938
   532    938
    22    370
    22    347
    22    248
    22    711
    22    682
    22    712
    22     32
    22    782
    22    163
    22    705
    22    222
    22    143
    22    798
    22    227
    22    678
   370    458
   100    370
   370    487
   370    747
   370    419
   105    370
   370    402
   288    370
   329    370
   366    370
    95    370
   235    370
   707    889
   316    707
   654    707
   532    707
   707    772
   563    707
   167    707
   707    837
   324    707
   804    889
   382    889
   184    889
   361    889
   288    889
   576    889
   186    889
   788    889
   384    889
    89    889
   109    889
   440    611
   440    670
   278    440
   228    440
   440    472
   440    636
   440    768
   440    645
   425    440
    25    440
   440    601
   611    749
    34    611
   584    611
   240    611
   592    611
    23    611
   429    611
   611    805
   611    635
   603    611
   221    611
   611    638
   259    611
   309    601
   309    844
   108    309
   309    322
   309    928
   309    357
   309    474
   309    485
   107    601
   472    601
   325    601
    32    601
   601    761
    62    745
    62    155
    62    484
    44     62
    62    519
    62    573
    62    783
    62    361
    62    289
    21     62
    62    341
    62    709
    62    547
    62    752
   314    745
   745    801
   439    745
   141    745
    45    745
   745    896
   736    745
   597    745
   653    745
    54    745
   674    930
   226    674
   323    674
   290    674
    72    674
   351    674
    58    674
    16    674
   561    930
   555    930
   901    930
   740    930
   920    930
    32    930
   896    930
   348    930
   191    930
   215    347
   347    558
   347    908
   347    502
   146    347
   347    561
   283    347
   265    347
   104    347
   215    591
   215    780
   215    489
   215    353
   215    224
   215    477
    93    215
   215    804
   215    723
   215    843
   215    219
   278    836
   564    836
   797    836
   811    836
   733    836
    33    836
   836    912
   278    793
   278    473
   247    278
   278    605
   278    719
   278    494
   278    625
   278    283
   278    792
   278    447
   253    278
   227    439
   227    808
    70    227
   188    227
   227    398
   227    632
   210    227
   227    359
   227    584
   227    512
   227    353
    12     26
    26    714
    26    627
    26    574
    26    333
    26    367
    26    922
    26    404
    12     75
    12    188
    12    716
    12    855
    12    563
    12    478
    12    500
    12    676
    12    159
    12    898
   200    772
   152    200
   200    835
   200    857
   200    378
   200    660
   200    236
   200    361
   200    547
   200    866
   200    458
   200    352
   200    311
   200    861
   158    544
   158    813
   158    424
   158    253
   158    894
   158    411
   158    783
   158    357
   158    190
   158    371
   136    826
   136    801
   136    352
   136    621
    73    136
   136    937
    60    136
     9    136
   737    819
   398    737
   326    737
   424    737
   724    737
   737    887
   438    737
   511    737
    51    737
   819    885
   273    819
   436    819
   660    819
    84    819
   230    819
   819    851
   236    819
   523    819
   819    908
   277    819
   269    819
   162    643
   162    894
   162    680
   162    816
   162    288
   162    767
   162    855
    52    162
   162    863
   162    868
   162    436
   162    593
   643    722
   117    643
   578    643
   484    643
     7    643
   418    643
   643    782
   427    643
   576    643
   643    673
   125    643
   643    932
   391    912
   661    912
   374    912
   617    912
   526    912
   785    912
   841    912
   340    912
   320    912
    14    912
   834    912
   319    802
   319    574
   319    496
   319    783
   193    319
   319    492
   319    646
   319    532
   319    364
   319    558
   319    358
   319    905
   319    902
   319    831
    56    319
   319    764
   284    802
    54    802
   602    802
   338    802
   505    802
    92    802
   802    914
   135    802
     3    802
   154    802
   115    802
   430    477
   351    430
   388    430
   430    714
   430    463
   259    430
   326    430
   430    758
   226    430
   430    503
   422    430
    34    430
   430    539
   657    812
   418    812
    25    812
   812    851
   504    812
   503    812
    55    812
   560    812
   104    812
   185    812
   764    812
   187    812
   657    929
   417    657
   657    898
   105    657
   657    681
    38    657
   657    686
   356    657
   205    657
   492    657
   364    657
   341    411
   216    341
   341    461
   341    767
   341    939
   341    936
   341    676
    32    341
   341    480
   341    854
   341    488
   341    817
     9    411
   300    411
   411    801
   205    411
   291    411
   173    411
     5    411
   316    411
   411    777
   411    672
   176    411
   275    673
   275    810
   275    417
   275    583
   275    490
     8    275
   275    790
   262    275
    53    275
   275    427
   272    275
    13    275
   275    551
   275    330
   275    642
   671    673
   590    673
   673    722
   205    673
    81    673
   529    673
   673    702
   673    879
   514    673
    16    673
   205    635
   635    856
   635    739
   635    824
   135    635
   570    635
    44    635
   300    635
   205    256
   205    289
   205    907
   205    739
   205    804
    57    205
   107    205
    19    609
   122    609
   592    609
   404    609
   539    609
   609    756
    28    609
   609    626
   214    609
    19    105
    19    273
    19    225
    19    263
    19    452
   120    740
   373    740
   700    740
   740    913
   128    740
   516    740
   290    740
   692    740
   740    879
   740    791
     2    740
   120    362
   120    901
   120    363
   120    922
   120    252
   120    733
   120    756
   120    698
   120    130
   120    442
   873    939
    65    939
   649    939
   827    939
   786    939
   216    939
    46    939
   621    939
   784    939
   630    939
   401    939
   816    939
   485    939
   706    873
   274    873
    52    873
   240    873
   320    873
   504    873
   168    873
   217    873
   555    873
   357    873
   251    873
   503    873
   432    778
   408    778
   106    778
   778    813
   685    778
   718    778
   473    778
   778    792
   585    778
   778    793
   618    778
   445    778
   432    710
   432    545
   432    622
   432    798
   432    776
   432    694
   432    578
   432    724
   432    698
   321    432
   432    467
   432    824
    55    432
   501    771
    47    771
   661    771
   688    771
   424    771
   771    866
   730    771
   642    771
   713    771
   328    771
   522    771
   507    771
   602    771
   468    771
   501    670
    16    501
   501    848
   501    510
   121    501
   361    501
   501    885
   277    501
   688    704
   246    688
   482    688
   109    688
   561    688
   198    688
   662    688
   441    688
   530    688
    24    688
   688    730
   332    688
   176    704
   704    850
   398    704
   702    704
   343    704
   704    877
   197    704
   604    704
   471    704
    18    704
   704    851
   704    711
   632    858
   632    807
   632    666
   632    872
    57    632
   632    756
    56    632
   105    858
   762    858
   151    858
   364    858
   621    858
   858    894
   113    858
   858    909
   761    858
   706    858
   498    858
   473    858
   653    858
   132    190
   132    283
   132    906
   132    244
   132    539
   132    210
    18    132
   132    786
    60    132
   132    366
   132    331
   132    414
   132    261
   190    389
   152    190
   190    712
   190    705
    99    190
   456    826
   478    826
    33    826
   675    826
    96    826
   168    826
   654    826
   826    864
   393    826
   545    826
   734    826
    21    826
   145    826
   121    405
   405    500
   391    405
   405    838
   405    856
   405    841
   405    517
   405    935
   405    847
   330    405
    91    405
   405    614
   405    426
    15    426
    15    711
    15    362
    15    642
   163    246
   246    806
   246    505
    29    246
   246    517
   527    536
     6    527
   431    527
   175    527
    67    527
   327    527
   228    527
   536    659
   141    536
   536    591
   155    482
   254    482
   417    482
   482    807
   138    482
   482    727
   482    524
   482    884
   301    482
   482    883
   155    489
   155    345
    53    155
   155    841
   155    296
   155    915
   155    526
   155    800
   253    516
   253    304
   127    253
   253    532
   253    266
   253    502
   253    356
   253    844
   253    731
   253    353
   253    301
   253    380
   253    806
   129    516
   516    917
   516    639
   516    849
   138    516
   516    583
   261    516
   286    516
   295    516
   516    526
   516    790
   516    650
   172    207
   172    779
   172    754
   172    371
   172    597
   172    684
    24     91
    24    582
    24    265
    24    613
    24     40
    24    862
    24    513
    24    102
    24    783
    24    286
    24    535
    24    612
    24    524
    49     91
    91    150
    91    806
    91    823
    91    454
   284    899
   614    899
   653    899
    67    899
   137    899
   878    899
   202    899
   736    899
   223    284
   284    850
   284    894
   284    639
   284    374
   284    886
   284    314
   284    651
   102    284
    40    284
   284    613
   279    284
   729    761
   729    846
   729    799
   329    729
    74    729
    88    729
   237    729
   687    729
   697    729
   350    729
   729    850
    94    729
   439    729
   413    729
   675    761
   761    936
   224    761
   718    761
   175    761
   178    761
   687    761
   296    761
   571    761
   621    782
   618    782
   464    782
   749    782
   768    782
   558    782
   782    851
   492    782
   748    782
   690    782
   782    796
   621    923
   239    621
   621    830
   416    621
    35    621
   621    666
   201    621
   602    621
   621    811
   502    621
   149    621
   621    645
   621    723
   442    621
     6    686
     6     53
     6    892
     6     11
     6    408
     6    866
     6    449
     6    901
     6    799
     6    801
     6    426
     6    738
     6    753
   371    686
   325    686
   265    686
   686    776
   381    686
   686    792
   686    767
   686    874
   686    919
   140    686
   115    686
   578    686
   401    686
   327    686
   424    686
   448    686
   446    686
   129    263
   129    135
   129    783
   129    431
   129    539
   129    564
   129    188
   129    348
   517    776
   361    517
   517    542
    40    517
   517    597
   517    596
   133    517
   666    776
   396    776
   274    776
   358    776
   161    776
   587    776
   407    776
   147    776
   689    776
   520    850
   433    850
   480    850
   141    850
   364    850
   512    850
   710    850
   646    850
   785    850
   352    850
   596    850
   850    926
   850    866
   520    584
   285    520
   226    520
   520    538
    50    520
   110    520
   520    824
   360    789
   360    458
   360    483
   360    773
   173    360
    49    789
   381    789
   138    789
   281    789
   607    789
   789    871
   787    789
   789    855
   348    789
   324    789
   718    789
   439    764
   398    439
   439    790
   439    465
   260    439
   439    563
   439    708
   378    439
   487    837
   487    653
    94    487
   487    533
    56    487
    43    487
    96    487
   487    764
   477    487
   258    487
   385    837
   615    837
   490    837
   484    837
   837    839
   431    837
   548    837
   234    837
   583    837
   709    837
   193    837
   332    837
   327    837
   751    837
   241    837
   154    717
    43    717
   157    717
   593    717
   458    717
   289    717
   717    780
   435    717
   154    305
   154    584
    67    154
    23    154
   154    159
   154    593
   154    245
   154    667
    70    154
   573    772
   138    772
   252    772
   550    772
   382    772
   736    772
   161    772
   110    772
   772    847
   772    871
   302    772
    88    772
   772    785
   492    772
   265    772
   197    772
    49    870
    49    286
    49    345
    49    762
    49    123
    49    892
    49    856
    49    626
    49    497
    49    376
   257    332
   332    512
   298    332
   332    832
   332    529
   332    799
   332    922
   332    480
   622    805
   622    925
   209    622
   622    679
   398    622
   295    622
   382    622
   339    622
   622    861
   216    805
    92    805
   469    805
     7    805
   479    805
   805    817
   160    805
   805    925
   721    805
   667    805
    57    805
   801    805
    18    653
   653    844
   281    653
   506    653
   533    653
   422    653
   608    653
   260    653
   238    711
   531    711
   555    711
   711    894
   220    711
   187    711
   711    926
    93    711
   122    711
   436    592
    16    436
    71    436
   436    623
   150    436
   436    450
   436    811
   436    716
   206    436
   436    638
   435    436
   436    464
   250    436
   436    550
    94    436
   436    511
   178    592
   592    915
   113    592
   551    592
   357    592
   130    592
   592    769
   592    685
   189    592
   592    697
   300    592
   592    882
    70    476
    70    605
    70    474
    70    418
    70    511
    70    330
    70    547
    70    570
    70     96
    70    831
    70    541
    70    444
    70    485
   476    497
   476    888
   476    799
   422    476
   133    476
   311    476
   159    476
   476    818
   476    801
     7    476
   111    476
   476    595
   476    668
    56    269
    56    361
    56    469
    56    860
    56    563
    56    465
    56    919
    56    511
    56    834
    56    651
   202    269
    80    269
   269    407
   269    815
   118    269
   269    811
   269    846
     9    269
    66    269
   269    580
   269    779
   551    733
   512    733
   733    863
   733    736
   327    733
   573    733
   733    877
   539    733
   733    788
   733    755
    28    733
   541    733
   161    551
   334    551
   551    613
     5    551
   345    551
   551    885
   551    637
   142    551
   340    551
   551    928
    35    702
    35    856
    35     98
    35    506
    35     61
    35    929
    35    746
    35    362
    35    173
    35    226
    35    415
    35    222
    35    504
    35     90
    35     51
    39    441
    39    827
    39    656
    39    171
    39    637
    39    381
    39    880
    39    893
    39    754
   441    464
   441    816
   441    461
   441    757
   429    441
   441    490
   441    758
   112    441
   441    685
   441    574
    92    441
   441    457
   141    480
   141    921
    86    141
   141    326
   141    550
   141    710
   414    480
   366    480
   108    480
    77    480
   174    480
   176    480
   510    758
   573    758
   691    758
   758    875
    76    758
   661    758
   420    758
   647    758
   585    758
   758    860
   741    758
   521    758
   211    510
   250    510
   510    838
   510    550
   510    630
   428    510
   510    736
   376    510
   261    510
   510    788
   510    541
   194    211
    37    211
   171    211
   211    229
   211    375
   211    263
   211    401
    53    211
    92    398
    92    513
    92    115
    92    747
    92    365
    92    883
    92    801
    92    212
   195    398
    47    398
   398    652
   393    398
   330    398
   387    398
   398    410
   398    844
   398    644
   398    809
   398    861
   140    398
   499    664
   499    709
   499    655
   499    628
   499    560
   499    848
   499    714
   362    499
   122    664
   587    664
   490    664
   664    883
   138    664
   652    664
   664    681
   511    735
   511    563
   348    511
   511    803
   385    511
   448    511
   422    511
   511    690
   511    865
   511    846
   591    791
   444    791
   438    791
   433    791
   143    791
   140    791
   628    791
   435    591
   591    648
   169    591
   591    797
   591    602
   564    591
   591    795
   591    879
   591    818
   313    773
   313    708
   280    313
   313    806
    10    313
   167    313
   313    603
   313    547
   169    313
   313    848
   313    808
   313    800
   313    814
   313    747
   250    313
   313    931
   114    313
   773    870
   690    773
   773    882
   417    773
     1    773
    47    773
   113    773
   627    773
   659    773
   759    786
   209    786
   135    786
   660    786
   786    862
   291    786
   786    830
   564    786
    41    786
   249    786
    95    759
    57    759
   185    759
   104    759
   604    759
   650    759
   732    759
   741    759
   371    759
   351    759
    33    759
   574    822
   680    822
   506    822
   662    822
   352    822
   256    822
    97    822
   533    822
   272    822
   373    822
   106    574
   465    574
   435    574
   574    607
   574    677
   492    574
   574    923
   163    574
   147    574
   574    888
   719    721
   302    721
    47    721
   114    721
   721    790
   133    721
    43    721
   270    721
   679    719
   289    719
     7    719
   604    719
   178    719
   642    719
    66    719
   186    719
   408    719
   369    719
   719    762
   330    719
   660    719
   419    847
   847    865
   395    847
   626    847
   847    905
   571    847
   446    847
   254    847
   109    847
   461    847
   401    847
   580    847
   419    472
   419    468
   419    736
   419    871
   333    419
   146    419
   338    419
   130    419
   419    880
    29    198
    29    321
    29    599
    29    797
    29    238
    29    373
    29    561
    29    902
    29    863
    29    659
    29    753
   198    916
   198    531
   198    208
   198    878
    88    198
   198    730
   198    255
   247    513
   212    513
   396    513
   513    566
   513    544
   513    614
   303    513
   369    513
   498    513
   513    599
   513    860
   375    578
   375    545
    77    375
   143    375
   217    375
   375    790
   375    734
   375    556
   375    385
   375    809
   375    693
   578    596
   222    578
   578    685
   389    578
   578    741
   578    744
   578    582
   371    578
   345    578
   386    578
   182    578
   239    734
   734    896
    57    734
   623    734
   117    734
   373    734
   571    734
   160    734
   161    734
   445    734
   454    734
   734    880
   403    734
   239    247
   239    463
   239    907
    20    239
   216    239
    30    239
   239    727
   239    723
   239    628
    80    254
   254    581
   117    254
   176    254
   254    637
   254    415
   254    396
   254    273
   254    308
   254    585
   254    420
   183    254
   254    689
    41    898
   677    898
    80    898
   210    898
   508    898
   429    898
   425    898
   259    830
   183    259
   101    259
   235    259
   259    558
   195    259
   259    607
     7    259
   259    880
   830    855
   796    830
   346    830
   186    830
   349    830
   774    830
   316    830
   250    830
   509    830
   830    846
   625    830
   564    830
   700    830
   646    830
   420    830
   726    862
   289    726
   333    726
   306    726
   726    797
   726    787
   114    726
   716    862
   403    862
   862    917
   710    862
   209    862
   862    932
    52    862
   376    862
   166    862
   650    862
   305    862
    58    434
    58    334
    58    448
    58    492
    58    212
    25     58
    58    479
    58    166
    58    508
    58    538
    58    173
    58    549
    58    292
   434    521
   434    464
   257    434
   371    434
   434    446
   292    434
   170    434
   249    659
   659    848
   333    659
   659    760
   371    659
   489    659
   529    659
   216    659
   602    659
   774    775
   570    774
   644    774
   437    774
    14    774
   168    774
   581    774
     3    774
   584    774
   427    774
   452    774
   323    774
   775    793
   138    775
   775    848
   775    794
   110    775
   775    807
   739    878
   724    878
    10    878
   371    878
   244    878
   529    878
   768    878
   484    878
    41    878
   630    739
    25    739
   437    739
   300    739
    44    289
    37    289
   289    431
   229    289
    13    289
   152    289
    93    289
   289    714
   166    289
   289    871
   289    326
   243    289
   289    921
   289    506
   289    687
   289    605
    81    442
   442    532
   291    442
    43    442
   394    442
   442    752
   221    442
   369    442
    81    257
    81    464
    81    533
    81    913
   804    934
   580    804
   576    804
    69    804
   295    804
   191    804
   581    804
   804    871
   159    804
   145    894
   736    894
   795    894
   490    894
   318    894
   403    894
   792    894
   381    894
   145    446
   145    646
   145    796
   114    145
   145    723
   145    366
   145    194
   145    594
   145    584
   145    283
   145    888
   145    564
   123    145
    53    714
    53    798
    40     53
    53    746
    53    280
    53    553
   248    870
   257    870
   152    870
   870    888
   533    870
   102    870
   676    870
    97    870
   735    870
   608    870
   629    870
   870    904
   149    870
   148    870
   362    690
   690    863
   690    857
    34    690
   690    732
   402    690
   147    690
   690    871
   324    690
   590    690
   636    690
   133    690
   362    556
   324    362
   362    884
   362    926
   233    362
   362    533
   362    715
    37    202
    37    260
    37    667
    37    404
    37    144
    37     44
    37    921
    37     88
    37     55
    37    788
    37    893
    37    670
    37    794
   202    914
   179    202
   202    612
    80    202
   156    202
   279    446
   166    446
    16    446
   446    666
    28    446
    72    446
   580    627
   222    580
   261    580
   580    834
   431    580
   627    911
    14    627
   563    627
   484    627
   316    627
   620    627
   627    877
   792    886
   792    834
    14    792
   418    792
   181    792
   792    838
   350    792
   169    792
   467    792
   150    534
   534    727
   534    610
   320    534
   400    534
   478    534
   122    534
   490    534
   150    647
   150    356
     8    150
   150    403
   150    661
   150    860
   150    320
   150    709
   150    497
   150    925
   444    618
   356    618
    23    618
   618    887
   206    618
   208    714
   560    714
   130    714
   453    714
   152    714
   189    714
    45    714
   714    715
   339    714
   471    512
   512    777
   393    512
   512    732
   512    691
   512    817
   128    512
   264    512
   395    420
   420    555
   420    553
   420    525
   363    420
   420    539
   133    330
   280    330
   330    838
   330    540
    57    330
   133    428
   133    743
    27    133
   133    381
   133    923
   133    457
   133    364
   133    679
   133    160
    52    133
   133    168
   133    708
   698    703
   702    703
    68    703
   444    703
   380    703
   214    703
   103    703
   703    705
   252    703
   183    698
   698    838
   698    705
   350    698
   450    698
   509    698
   698    824
    88    698
   451    698
   123    156
   156    722
   156    929
   156    457
   156    326
   156    226
   107    156
   123    910
   123    201
   106    123
    96    123
   660    865
   251    865
   394    865
   113    865
    77    865
   569    865
   742    865
   288    801
   386    801
   142    801
   715    801
   583    801
   235    801
   166    209
   209    305
   209    788
   203    209
   209    884
   209    810
   209    639
   209    472
   209    394
    99    209
   209    914
   209    429
   209    628
    98    485
   237    485
   327    485
   485    857
   485    629
   485    678
    98    539
    11     98
    98    374
    98    418
    98    781
    98    379
    98    187
    98    401
    98    219
    73     98
    98    264
    98    247
    98    555
   168    731
   130    731
   219    731
   556    731
   715    731
    41    731
   413    731
   464    731
   731    807
   168    537
   168    571
   168    518
   168    460
   168    849
   168    449
    27    712
   538    712
   712    756
   266    712
   712    855
   712    867
   583    712
    47    712
   712    781
   617    712
   658    712
   224    712
   107    712
   614    712
   260    712
    27    201
    27    831
    27    684
    27    320
     2     27
   445    882
   662    882
   113    882
   603    882
   407    882
    17    882
   841    882
   626    882
   445    585
   445    709
   445    526
   140    445
   445    514
   393    445
   445    556
    95    340
   340    718
   340    691
   340    617
    67    340
   340    600
    34    340
   340    602
   323    340
    84    340
     5    340
   301    464
   223    464
   464    934
   285    464
   464    835
   464    799
   144    464
    42    588
    42     44
    42    221
    42    305
    42    677
   331    588
   386    588
    16    588
   333    588
   323    588
   256    469
   256    841
   256    282
   256    526
   256    345
   256    385
   256    843
   256    450
   101    256
   148    469
   469    884
   356    469
   469    543
   469    544
    99    469
   230    469
    61    469
   226    469
   469    496
   218    469
   437    469
   394    866
   394    913
   235    394
   277    394
   394    498
   304    394
   394    857
   394    610
   349    394
   394    508
   160    394
   262    523
    93    523
   293    523
   523    630
   450    523
   523    677
   523    907
   523    577
   523    600
   262    680
   262    454
   262    679
   262    915
   262    846
   472    533
    84    472
   472    838
   472    600
   472    709
   472    496
   149    736
     8    736
   504    736
   308    736
    61    736
   140    736
    93    149
   149    905
    67    149
   149    713
   149    235
   144    149
   149    301
   106    149
   100    149
   260    471
   453    471
   229    471
   471    934
    16     90
    16    261
    16    110
    16    212
    16    152
    16    479
    16    677
   176    596
   102    596
   495    596
   596    666
   425    596
   596    818
   186    573
    67    573
   573    863
   573    813
   367    573
   186    815
   186    677
    93    186
   186    544
   186    652
   167    186
   179    186
   217    612
    20    612
   540    612
   612    637
   416    612
   173    612
    47    612
   506    612
   612    785
   438    612
    23    217
   217    351
   217    363
   217    314
   170    217
   217    353
   391    416
   391    796
   391    597
   391    891
   233    391
   391    701
   391    748
   391    507
   167    391
    30    391
    95    793
   479    793
   414    793
   715    793
   670    793
   687    793
   563    793
   793    832
   700    793
   494    793
    95    718
    95    839
    95    490
    95    681
    95    935
    95    334
    95    406
    34     95
    95    800
    95    544
    95    694
     1    885
   576    885
   846    885
   680    885
   451    885
   226    885
   109    885
   879    885
   231    885
   258    885
    76    885
   283    777
   207    777
   303    777
   716    777
   143    777
   115    777
   521    777
   595    777
   283    713
   675    867
   675    709
   357    675
   675    718
   675    700
   545    675
   570    675
    90    675
   675    916
    38    675
   451    675
   409    675
   245    675
    40    666
   328    666
   654    666
   187    666
   117    666
   245    747
   245    543
    52    245
   530    747
   587    747
    90    747
   380    747
   413    747
   369    747
   484    747
   333    747
     4    747
   181    504
   181    692
   181    302
   181    905
   181    334
   181    303
   181    424
   181    857
   181    213
   651    896
   147    896
   713    896
   389    896
   350    896
   866    896
   896    919
   408    896
   533    896
   407    896
   333    896
   318    896
   230    896
   651    735
   651    832
   560    651
   576    651
   651    834
   303    651
   651    724
   651    658
   293    651
   651    716
   565    646
   444    646
   646    803
   178    646
   433    646
   646    884
   646    922
   646    809
   268    565
   542    565
   233    565
    60    565
   185    565
   321    565
   130    338
   130    502
   130    194
    32    130
   105    130
   130    218
   130    597
   130    849
   201    823
   106    201
   201    843
   201    762
   201    720
   201    537
   164    201
    61    823
   706    823
   160    823
   264    823
   809    823
   247    823
   689    713
    23    713
   713    925
   381    713
    34    713
   298    654
   298    548
   122    298
    44    298
   298    387
   263    298
   298    754
   250    298
   157    607
    60    607
   230    607
   148    607
   607    630
   563    607
   272    593
   593    614
   109    593
   433    593
   503    593
   593    647
   593    670
   489    593
   110    207
    67    110
   110    638
   110    305
   110    386
   110    244
   110    832
    86    207
    46    207
   207    678
   207    216
   207    677
   207    732
   207    224
   207    710
    23    581
   185    581
    52    581
   387    581
   581    628
     1    561
   281    561
   213    561
   561    781
   561    636
    99    561
   216    846
   124    216
   216    700
   216    241
   179    216
   216    566
   216    901
   429    846
   542    846
   406    846
   768    846
   599    846
   846    871
   231    689
   689    922
   329    689
   105    689
   689    715
   522    689
   533    679
   320    679
   679    849
   679    891
   679    843
   585    679
   679    932
   679    824
    96    679
    50    456
    50    860
    50    381
    50    293
    50    118
    50    629
    50    531
    50    435
    50    595
    17     50
    50    479
   456    583
   456    584
   361    456
   456    910
   112    456
   127    456
   396    456
   291    538
   406    538
   410    538
   538    871
   538    790
   387    538
   364    538
   538    623
   538    813
   538    834
   361    467
   467    478
   467    629
   467    934
   467    577
   235    467
    43    467
   251    361
   237    361
   361    374
   361    466
   361    474
   302    361
   361    526
   457    901
    71    457
   457    599
   457    608
   329    457
   457    552
   310    457
   901    919
   645    901
   437    901
   668    901
   585    901
    65    901
    13    671
    13    230
    13    752
    13    320
    41    140
   140    152
   140    617
   140    404
   140    839
   140    255
   140    863
    41    880
    41    103
    41    563
    41     75
    41    461
    41    743
    41    179
    41    522
    41    756
     3    473
     3    187
     3    863
     3    507
     3    183
   272    473
   337    473
   473    872
   111    473
   454    473
   404    473
   451    586
   451    829
   451    647
   451    623
   451    815
   576    586
    38    586
    99    586
   379    586
   401    586
   525    586
   121    586
   533    586
   586    808
   301    586
    38    670
    93    670
   490    670
   148    670
   670    697
   112    670
   670    806
   495    670
    38    410
    38    475
    38    507
   421    844
   569    844
   844    908
   844    872
   833    844
   117    844
   290    929
   290    884
   290    331
   290    368
   290    304
    94    290
    54    929
   265    929
   225    929
   189    929
   764    929
   293    929
   114    929
   454    929
   544    929
   320    929
   164    929
    73     75
    75    814
    75    237
    75    507
    75    339
    75    535
    75    291
    75    861
    75    780
    75    453
   760    888
   753    888
   349    888
   680    888
    11    888
   112    888
   888    897
   268    760
   744    760
   550    760
   174    760
   252    760
    25    760
   715    760
   235    760
   556    760
   339    760
    90    160
    90    500
    90    118
    90    447
    90    668
   160    293
   160    906
   160    661
   160    649
   160    435
   146    160
   160    832
   131    160
   208    497
    43    208
    86    208
     0    208
   208    228
   208    453
    89    208
   350    401
   350    706
   350    474
   350    629
    66    350
   225    350
   350    781
   350    483
   350    582
   350    705
   350    658
   350    566
   337    796
   337    735
    28    337
   337    919
   337    521
   337    886
   337    583
    14    479
   416    479
   479    799
   273    288
   151    273
   273    655
   326    781
   595    781
   258    781
   781    798
   519    781
   781    936
   781    848
   697    781
   630    781
   102    781
   121    781
   645    781
   236    326
   326    725
   326    824
   326    576
   326    645
   326    935
   305    365
    32    305
   219    305
   285    305
   305    597
   305    652
   305    316
   182    305
   305    531
   305    491
   305    871
   295    305
    68    365
   151    365
   188    365
   331    365
   365    637
   197    887
   887    897
   861    887
   438    887
    33    887
   863    887
   887    915
   494    887
   681    887
   125    887
   203    281
   281    874
   272    281
    34    281
   281    769
   281    809
   281    452
    25    281
   147    203
   203    682
   203    671
   203    855
   203    660
   203    376
   203    677
   203    286
   137    203
   331    735
   331    796
   153    331
   331    413
   331    623
   331    849
   838    840
   243    838
   547    838
   301    838
    96    838
   498    838
   552    838
   769    838
   800    838
   550    838
   300    867
   318    867
   701    867
   224    867
   866    867
    60    867
   784    867
   693    867
   376    723
    40    723
   723    790
    87    723
   399    723
   266    723
    17    723
   238    376
   376    762
   183    376
   376    548
   122    376
    21    376
    96    376
   376    505
   376    448
   376    407
   376    478
   329    358
   268    358
   358    905
   358    427
   358    907
   358    864
    18    358
   261    358
   358    652
   131    358
   358    811
   358    378
   329    884
   329    638
    32    329
   329    648
   329    610
   252    629
   252    431
   252    322
   252    484
   252    564
   153    252
   252    426
   252    762
   252    388
   629    810
   109    629
   122    629
   334    629
   629    855
   206    629
    67    629
   629    647
   579    629
   204    600
   171    204
   204    749
   204    338
   204    649
    94    204
   204    916
   204    539
   204    595
   204    658
    28    204
   204    219
   500    600
   223    600
   600    677
   102    600
   497    600
   600    818
   276    600
    87    600
   600    697
   600    922
   189    600
   115    600
   600    924
   732    829
   829    916
   677    829
   628    829
   722    829
   104    829
   399    829
   753    829
   343    829
   272    486
   486    909
   486    533
   433    486
   486    668
   255    486
   220    486
   396    486
   272    279
   272    460
   266    272
   122    272
   407    856
   407    461
   194    407
   407    500
    33    407
   407    483
   407    558
   407    570
   407    722
   848    856
   768    856
     7    856
   856    860
   839    856
   856    859
   277    914
   393    914
   371    914
   718    914
    17    914
   183    195
   195    910
   195    654
   195    795
   195    626
   193    195
   193    564
   502    564
   248    564
   564    626
   105    402
   105    304
   105    814
    80    105
   322    425
   322    749
    44    322
   322    437
   322    649
   322    576
   322    913
   322    550
   322    658
   322    906
   322    505
   425    602
   425    508
   425    694
     0    425
   425    872
   282    425
    71    579
    71    936
    71    597
    71    602
   304    568
    23    304
   146    304
   304    454
    18    304
   102    306
   228    306
   135    306
   153    306
   306    671
   220    306
   306    839
   363    861
   701    861
   519    861
   353    861
   615    861
   152    861
   393    861
   849    861
   363    832
    34    363
   363    545
    77    363
   363    727
   363    410
   325    363
   182    363
   223    363
   122    176
   176    834
   176    787
   176    185
   610    832
   783    832
   545    832
   131    832
   608    832
   247    832
   832    891
   682    832
   708    832
    96    832
   676    832
   477    832
   610    655
   610    681
   193    610
   327    610
   605    610
   118    610
   566    610
   401    610
   610    706
   385    610
   109    610
    34    610
   668    923
   583    923
   608    923
   705    923
   484    923
   810    923
   429    923
   748    923
   427    923
   345    923
   114    668
   584    668
   668    680
   166    668
   112    668
   247    371
   371    377
   357    371
   371    854
   194    371
   371    827
   244    595
    14    595
   531    595
   296    595
    57     89
    89    835
    89    875
    89    500
    89    693
    57    426
    57    301
    57    261
    57    864
    57    916
    57    539
   549    650
   650    874
   650    834
   650    795
   235    650
   424    650
   178    650
    33    549
   549    784
   549    904
    30    549
   549    922
   127    866
    88    866
   807    866
   274    866
   179    426
   228    426
   426    660
   426    494
   402    426
    45    189
    45    582
    45    228
    45    122
    45    169
    45    416
   151    744
   462    744
   506    744
   128    744
   264    744
   151    437
   151    638
   151    913
   151    684
   151    727
   151    218
    54    265
    54    224
    54    477
    54    570
    54    818
    54    339
   718    911
   263    911
   492    911
   582    911
   553    911
   388    911
   857    911
   735    911
   715    911
    83    585
   348    585
   402    585
    52    825
     5     52
    52    251
    52    552
   127    250
   250    542
   250    818
   250    417
   164    250
   250    462
   250    406
   250    477
   250    261
   250    453
   250    349
     8    507
     8    104
     8    932
     8    488
     8     72
   507    543
   497    507
   447    507
   288    507
   507    924
   301    735
   605    735
    99    735
   124    735
    43    735
   594    735
   625    735
   568    735
    74    902
   317    902
   489    902
   582    902
   238    902
   732    902
   605    902
    74    742
    74    925
    74    348
    74    164
    74    743
    69     74
   230    840
   385    840
   529    840
   399    840
   803    840
   349    840
   724    840
   303    555
     0    555
   258    555
   555    748
   409    555
   555    932
   327    555
   732    779
   122    732
   359    732
   732    922
   385    519
    34    385
   385    825
   369    385
   385    552
   308    385
   179    385
   518    542
   117    542
     7    542
   206    542
   138    542
   542    928
   400    542
   542    877
   518    563
   518    803
   518    680
   466    518
   518    537
   518    809
   424    431
   389    431
   366    431
   382    431
   114    431
   431    749
   147    697
   147    235
   147    639
   147    544
   147    662
   147    169
   194    803
   135    194
   194    694
   194    602
   194    566
   164    194
    33    255
    33    364
    33    409
    33    388
    33     88
    33    905
    33    108
    33    334
   173    448
    55    173
   173    556
   173    521
   448    798
    94    448
   325    448
   448    587
   257    448
   191    448
   422    448
   448    756
   317    905
   317    628
   229    317
   226    317
   244    317
   317    787
   182    317
   317    521
   317    893
   235    317
   317    925
   435    909
   701    909
   909    932
   891    909
   144    909
   228    909
   243    449
   243    359
   243    265
   243    724
   243    533
   223    685
   223    628
   223    266
   106    348
   106    907
   106    276
   106    234
   106    301
   608    709
   234    608
   608    636
   540    608
   608    768
   225    608
   138    608
   519    709
   301    849
   103    301
   152    301
   301    872
   301    926
   288    396
    77    396
   396    458
   396    780
   169    396
   396    907
   170    396
   260    738
   260    296
   260    806
   260    382
   260    577
   260    764
    34    863
    34    414
    14     34
    34    258
   280    863
    21    863
   491    863
    80    863
   863    917
   182    863
    84    935
   584    935
   175    935
   514    935
   843    935
   221    935
    84    193
    84    494
    84    849
    84    450
    84    187
    84    183
   687    886
   318    886
   117    886
   687    815
   687    749
   687    928
   687    835
   400    687
   295    357
   357    755
   357    813
   357    705
   357    594
   357    506
   296    357
   357    524
   357    917
   104    295
    18    295
   163    295
   102    295
   295    548
   185    295
   374    438
   374    916
   374    525
   107    374
    97    388
    32     97
    97    379
   458    710
     9    458
   324    458
   458    790
   213    458
   300    458
   458    769
     2    458
   458    839
   477    710
   504    710
   642    710
   638    710
   296    710
   677    710
   369    710
   268    710
   214    718
   422    718
   475    718
   249    718
   421    718
   718    937
   718    908
   316    681
   316    560
   316    318
   122    931
   122    503
   122    671
   122    543
   122    800
   122    851
   122    288
   122    908
   122    310
   121    244
   121    146
    47    121
   121    353
   121    508
    18    121
   121    174
   121    191
   244    502
   244    587
   244    427
   146    244
    80    244
   244    779
    60    522
   522    920
   418    522
   104    522
   247    522
   497    522
   427    851
   427    803
   427    558
   381    648
   381    891
   381    548
   381    661
   381    638
    55    381
   381    599
   381    460
   280    381
   247    864
   247    741
    11    247
   247    928
    69    678
    69    406
    14     69
    69     76
    67     69
    69    625
    69     96
   678    768
   678    891
   492    678
   671    678
   400    678
   678    849
   678    741
   288    678
   161    693
   161    463
   161    780
   161    302
   161    769
   356    599
   349    599
   189    599
   185    599
   100    599
   599    813
   238    506
   104    238
     5    238
   236    238
   238    531
   138    238
   238    692
   495    854
   117    495
   270    495
   495    788
   495    825
   212    495
   422    495
     2    495
   495    808
   125    722
   571    722
   615    722
    11    722
    66    722
    60    388
    60    494
    60    490
    60    384
    60    625
    60    813
    60    764
   594    784
    96    784
   144    784
   738    784
   784    839
   288    525
   288    795
   288    352
   288    403
   210    241
   210    325
   210    724
    61    210
   210    414
   148    210
   210    816
   171    241
   241    693
     2    241
    10    111
    10    637
    10    697
    10    834
    10    626
    10    928
    10    925
   183    302
   183    268
    40    183
   183    509
   183    184
   112    183
   183    414
   183    931
   118    429
   429    872
   429    860
   429    613
   230    429
   373    429
   377    429
   730    738
   113    738
   738    799
   498    738
   435    738
   652    796
   715    796
   796    905
   285    477
   477    809
   377    477
   114    477
   498    913
   103    913
   508    913
   166    913
   654    913
   577    913
   197    351
   197    393
   197    236
   197    662
   197    654
   197    410
   197    590
   197    916
   197    767
   197    809
   435    880
   415    880
   860    880
   871    880
   509    880
   148    433
   178    433
   433    603
   433    907
    46    249
   221    249
   249    652
   249    626
   107    249
   811    860
   825    860
    55    171
    55    152
    55    910
    55    661
    80    780
   590    780
   399    780
   681    780
    80    762
    80    492
   206    849
   421    849
   849    871
   649    849
   498    849
   849    917
   174    524
   524    560
   824    834
   323    834
   382    587
   221    382
   303    382
    65    270
   270    502
   270    324
   112    270
   270    553
   270    639
    65    369
    65    539
    65    937
    65     72
    65    453
    65    263
   135    461
   206    461
    44    461
   461    917
   461    624
   461    630
   229    461
   135    452
   135    597
   135    468
   103    135
   125    135
    93    135
   135    556
   135    387
   135    167
   142    848
   413    848
   848    868
   128    848
   779    848
   403    848
   115    727
   604    727
   447    727
   314    576
   128    314
   314    454
   286    314
   314    934
   351    465
   351    415
   351    694
   351    841
   221    410
   274    410
    88    410
   410    533
   410    463
   410    652
   410    857
   257    410
   410    806
   191    410
     1    410
   221    333
   221    725
   103    221
    66    221
   221    509
   221    393
   323    502
   502    701
   502    706
    68    648
    68    274
    68    415
   118    144
    72    118
   144    677
   144    222
   144    891
   144    280
   144    384
   144    364
   556    584
   395    556
   556    594
   327    556
   857    872
   872    910
   138    872
   333    872
   462    716
   303    462
    28    462
    47    233
    47    800
    47    222
    47    368
   102    438
   102    626
   274    905
   206    274
   274    279
   274    583
   274    293
   274    817
   274    533
   185    274
   274    435
   230    716
    21    230
   230    293
   230    708
    40    799
   248    799
   240    799
   193    799
   799    809
   526    799
   468    799
   114    799
    40    231
    40    503
    40    590
    40    864
    40    662
    40    367
    14    237
    14    115
    14    875
   665    905
   817    905
   152    905
   226    905
    99    808
   320    808
   769    808
    99    809
   111    166
   166    767
   166    463
   166    811
   724    809
   521    724
   768    809
   790    809
   809    827
   418    684
    43    418
   503    530
   111    530
   530    693
   530    803
   484    530
   530    855
   115    138
   115    636
   115    779
   115    547
     1    115
   386    769
   366    386
   386    817
   386    404
   220    386
   386    875
   386    839
   229    386
   584    671
   584    655
   584    839
   212    584
   206    584
   345    584
   325    584
   584    620
    20    547
    77    547
   544    547
    17    547
   263    547
   346    547
   547    548
   159    582
     2    159
   100    159
   159    677
   159    475
   159    566
   159    171
   548    582
   296    582
   539    582
    93    388
    67    388
   388    453
   388    843
    32    506
    32    891
     9     32
    32    762
    32    919
   333    568
   333    566
   325    684
   645    684
   660    684
   449    532
   532    841
   532    535
   532    824
   532    579
   532    795
   532    626
   163    532
   532    604
   532    907
    93    532
   184    548
   184    489
   184    491
   184    279
   184    746
   184    884
    83    184
   184    893
   184    587
   184    671
   261    548
   268    548
   548    692
   548    558
   548    594
   206    884
   206    835
   206    677
   206    544
   193    206
   206    408
   124    647
   749    790
   604    749
   468    749
   749    753
   677    906
   906    926
   235    906
   906    921
   769    906
   807    906
   620    906
   146    677
   677    756
   237    677
   191    677
   677    767
     1    677
   225    677
   263    677
   677    806
   475    677
    44    855
   604    855
     4    855
   421    855
   855    908
     7    146
     7    454
     7    624
     7    334
     7    179
     7    366
   146    908
   146    613
   146    655
   146    893
   146    660
   146    519
    44    148
   148    626
   148    827
   682    854
   682    883
   182    682
   447    682
    76    682
   387    682
   754    811
   356    811
   101    811
   280    854
     1    854
   605    841
   152    605
    28    605
   131    605
    66    605
   529    605
   167    560
   248    560
   496    560
   560    918
   560    807
   167    229
   167    810
   167    931
    21    167
   167    364
   352    916
   352    908
   352    746
   352    521
   103    716
   452    716
   623    716
   716    767
   137    488
   137    417
   488    928
   324    488
   488    505
   109    488
   488    494
   417    488
   104    369
   369    505
   369    399
   321    377
    87    321
   248    321
   286    321
    25    321
   218    321
   424    839
   839    920
   615    839
   325    636
   325    346
   142    325
   543    851
   543    597
   519    543
   543    893
   291    543
   543    762
   620    851
   700    851
   422    851
   320    851
   240    798
   143    798
   685    798
   107    798
    86    798
   339    798
   233    681
   187    681
   681    790
   540    681
   526    681
   576    681
    83    681
   233    251
    18    233
   233    345
   104    233
   233    639
   233    768
   138    233
   233    421
     0    537
   537    825
     9    587
   587    818
   587    662
   491    587
   191    587
     9    787
     9    261
     9    685
     9    356
   255    647
   103    647
   408    647
    30    647
   647    685
   484    647
   590    603
   265    590
   571    590
    86    590
   667    921
   525    921
   113    921
   893    921
   266    921
   662    921
   691    921
   506    921
   492    702
   702    768
   702    859
    83    702
     2    702
   545    931
    43    545
   545    891
   255    302
   157    255
    44    255
    18    691
    18    266
    18    568
   395    893
   395    892
   395    692
    86    395
   401    571
   571    615
   179    571
   571    787
   553    571
   229    691
   401    691
   529    691
   691    706
    23    691
   153    500
   500    509
   500    752
    28    268
    28    414
    28    825
    28    652
    28    128
    28    816
   268    868
    67    268
   178    725
   178    597
   178    327
    66    637
    66    931
    66    310
    66    907
   279    521
   228    279
   104    279
   417    859
   153    417
   175    417
   417    437
   417    449
   417    617
   417    614
   874    907
   438    797
   234    318
   558    615
   261    558
   558    937
   356    558
   558    859
   615    841
   101    615
   800    841
   746    841
   825    841
   671    841
   400    800
   320    800
   303    800
    61    800
   231    671
   671    879
   654    671
   387    401
   302    401
   401    685
   637    790
   191    637
   563    637
   637    756
   346    637
   563    790
   519    790
   790    917
   751    790
   171    449
   449    816
   237    449
    96    526
    96    661
    96    308
    96    143
    96    904
    96    926
    96    623
   526    931
   526    803
    25    526
   251    526
   108    762
   108    214
   108    685
   108    701
   108    323
   108    665
   108    630
   506    806
   506    825
   437    506
   478    843
     2    843
   248    323
   296    323
   323    492
   251    323
   323    519
   323    656
   323    875
   323    475
   323    725
    11    570
   570    934
   308    539
   219    539
   539    730
   835    916
   741    916
   258    916
   541    916
    21    917
   490    917
   667    917
   807    917
   910    917
   667    692
   300    667
   667    810
   667    831
   327    667
   460    667
   514    692
   424    519
   424    700
   424    708
   235    825
    94    235
    25    235
   235    630
   235    937
   235    454
   235    263
   235    403
   292    825
   701    825
   604    825
    46    825
   282    825
   175    825
   228    452
   228    492
   228    857
    20    228
   228    540
   228    624
   219    228
   452    807
    83    452
   452    769
   142    552
     0    142
   142    416
   142    373
   807    818
   378    807
    76    807
    11    324
    11    496
    11    693
   263    399
   263    835
   263    794
   263    404
   300    655
   300    353
    87    300
    93    466
    93    377
    93    756
   414    577
   408    414
   414    817
   251    764
   251    491
   112    138
   138    813
   138    779
   302    660
   654    660
    61    660
    77    660
   576    660
   152    460
   152    814
   152    409
   152    345
   152    413
   152    296
   152    908
   387    492
   212    492
   492    936
    72    492
    61    492
    86    685
    86    743
    86    742
    86    353
    86    594
   265    655
   655    753
   614    655
    83    266
   266    475
    21    266
   266    835
   408    636
   630    815
   630    661
   257    630
   261    356
   356    748
    23    356
   356    384
   346    356
   261    783
    88    261
   131    261
   261    334
   143    261
    72    261
   261    320
   261    700
   193    897
   706    897
   803    897
   193    320
   193    364
   193    754
   883    884
     5    884
   514    884
   213    884
   466    884
   883    936
   264    883
   644    883
   509    883
   291    779
   291    803
   794    859
   794    879
   694    794
   402    864
   409    864
     5    864
    46    864
   603    864
   701    755
   701    783
   399    701
   257    755
    76    755
   755    926
   730    755
   497    818
   497    922
   303    437
   343    437
   171    437
   437    498
   114    519
   114    367
   114    428
   114    296
   153    519
   639    767
   639    818
   639    934
   639    654
   100    399
   399    594
   399    475
   399    552
   277    399
   399    450
   614    803
   127    803
   212    924
   222    491
   222    915
   222    490
   338    680
   504    680
   625    680
   280    680
   345    680
   680    934
   654    918
   654    743
   550    654
   302    654
   603    730
   377    730
   617    730
   730    859
   603    751
   603    936
    72    603
    51    603
   393    603
   422    603
   320    603
   603    835
   103    746
   103    257
   292    661
   171    302
   302    783
    46    302
    44    378
    44    179
    44    665
    44    236
   625    920
   625    788
   685    879
   685    764
   170    685
   685    787
   816    915
   428    915
   310    915
   725    915
   320    327
   320    348
   320    594
   320    868
   320    754
   367    648
   645    648
   327    521
   447    521
   494    521
   521    751
   521    552
     2    531
   531    741
     2    662
     2    817
     2    550
     2    756
     2    818
     2    403
   541    769
   514    769
   505    769
   293    751
   293    579
   293    810
   642    645
   620    642
   642    875
   614    642
   303    642
   642    676
   409    642
   563    645
   409    645
   656    697
   171    768
   171    910
   171    366
   171    377
   171    292
   171    763
     4    171
    23    752
   327    636
   276    636
   179    636
   345    636
    51    636
   327    924
   175    327
   303    327
   508    626
   484    626
   525    763
    67    525
   353    525
   277    525
   387    936
   387    644
   387    435
    77    824
    94    406
    94    624
    94    111
    94    276
   406    597
   406    817
    21    406
   406    552
   406    509
   285    638
   613    638
   624    708
   310    708
   404    708
   484    708
   276    756
   393    756
     1    756
    21    756
   379    756
   175    892
    43    892
   815    892
   421    893
   218    421
   311    421
   421    762
   421    868
   366    466
   466    658
   169    466
   112    265
   265    416
   128    265
   265    339
   218    231
    30    231
   617    652
   617    813
   224    617
   191    617
   237    877
   169    237
     0    597
   339    597
   276    624
   257    831
   257    706
   257    785
   257    460
   257    877
   169    835
   835    919
   835    859
   187    835
   280    447
   280    810
   280    720
   280    310
   280    877
   428    658
   143    428
   218    428
   308    343
   343    550
   343    795
   107    343
   224    308
   308    652
   182    308
   100    308
   163    806
   496    806
   563    806
   465    700
   700    928
   220    478
   478    788
   311    478
   478    891
   478    871
     4    220
   220    328
   285    413
   285    311
   185    285
     5    285
    43    937
    43    214
    43    676
   817    937
   818    937
     1    937
   117    815
    61    568
   384    568
    30    310
    30    240
    30     51
    30    746
   128    310
   310    474
   310    552
   614    783
    21    783
    67    277
   277    757
   277    447
   277    658
   164    277
   292    871
   757    871
   214    871
   101    746
    61    416
    61    175
    61    491
     5     61
    61    117
   910    936
   509    936
   104    936
   624    936
   644    936
   672    936
   393    652
   264    393
    21    403
    21    224
    21    422
   817    891
   373    706
   706    824
   563    706
   491    503
   100    491
   491    715
   353    366
   353    831
   553    767
   100    111
   490    505
   490    613
   113    566
   384    566
   566    748
   324    566
   113    752
   614    795
   389    508
   752    879
   303    693
   303    742
   185    303
   303    720
   170    693
   644    693
   693    910
   620    810
   346    810
   240    748
   240    795
   240    368
   282    544
   544    900
   544    879
   544    676
   104    665
   743    918
   435    918
   112    918
   213    918
   583    918
   705    743
   743    893
   413    932
   900    934
   112    934
   214    934
   932    934
   373    934
   868    900
   644    900
    51    900
   474    768
   474    649
   474    652
    88    474
   112    474
   620    893
   359    620
   384    787
   594    787
   213    483
   483    550
   483    662
   377    483
   213    368
   213    226
   213    583
   128    594
   373    768
   324    613
   656    762
    87    762
   494    762
   346    404
   348    404
   404    879
   187    505
   311    503
    76    503
   503    904
   454    920
   453    920
    67    264
    67    553
    67    345
   416    922
   416    676
   416    652
    51    910
    88    613
   359    613
    88    454
    88    380
    88    125
    88    779
     1     88
    88    720
   859    932
   824    928
   366    928
   435    694
   435    818
   435    475
   435    453
   157    563
   101    563
   508    563
    87    563
   563    652
   339    907
   514    907
   540    907
   373    583
   379    583
   175    402
   334    402
   349    535
   535    715
   292    662
   662    725
   715    764
   189    764
   672    764
   380    922
   377    922
   187    594
   594    652
   225    594
   594    833
   185    504
   468    504
   164    494
   349    494
   179    494
   494    757
   366    818
   550    569
   550    797
   602    785
   529    754
   529    879
   157    187
   219    553
   219    644
   179    349
   179    454
   349    380
   349    463
   715    831
    25    741
   229    741
   170    748
   229    748
   101    877
   175    652
   720    817
   816    868
   409    475
   163    409
   174    409
   368    409
   508    742
   296    742
   742    932
   345    742
   170    508
   187    508
   814    931
   292    931
   827    931
    76    367
   368    579
   925    932
   226    454
    46    454
   489    818
   373    447
   373    779
    72    185
   380    403
   334    403
   292    311
    87    292
   779    868
   400    779
   125    779
   339    868
   475    569
   468    569
   453    577
   117    705
   229    725
   623    720
   214    623
   463    623
   224    509
   214    813
   553    813
   153    264
   214    346
   189    831
   189    788
   169    189
    17    879
    72    658
    72    924
    51    109
   109    540
   143    797
   182    924
   384    447
     1    447
   468    818
    46    926
   658    827
   112    311
   112    378
   169    705
   282    875
   468    908
   170    831
   264    453
   226    264
   125    296
   328    720
     1    496
   377    753
   187    377
   286    672
   460    753
   378    450
   450    785
   468    604
   131    380
   236    415
   345    379
   311    463
   131    311
    76    463
   339    785
   296    460
   296    658
   107    131
   131    833
     5     87
