    19     36
    24     36
    11     36
     4     36
    36     48
    36     38
     9     36
    22     36
    29     36
    12     36
    36     44
    34     36
    36     43
     7     36
    28     36
    36     54
    15     36
    16     36
     8     36
    36     37
    18     36
     0     36
    36     50
    30     36
    14     36
    14     19
    19     34
    19     44
    12     19
     9     19
     7     19
     0     19
    16     19
    19     30
    17     19
    10     19
    19     32
    19     51
     4     19
    19     50
    19     33
    19     53
    19     35
    19     41
     3     19
    19     40
    11     19
    19     49
    19     28
    19     26
     6     19
     2     19
    19     42
    18     22
    22     52
    22     24
    22     37
    22     35
    22     48
     8     22
    22     31
     9     22
     4     22
     2     22
    15     22
    10     22
     7     22
    22     49
    22     51
    22     29
    22     47
    22     41
    22     39
    14     22
    16     22
    18     54
    18     31
    18     53
    18     23
     2     18
    18     46
    18     40
    13     18
    18     24
    18     41
    18     34
    18     39
    18     27
     8     18
     0     18
     1     18
    18     50
     6     18
    12     18
    11     14
    14     30
    14     27
     9     14
    14     43
    14     52
     8     14
    14     31
    10     14
    14     48
    14     24
    13     14
     7     14
     5     14
    14     42
    14     20
    14     23
    14     26
    14     17
    14     39
    14     16
     2     14
    14     55
    14     34
    14     29
     5     35
    35     42
    11     35
    35     41
    13     35
    35     54
    16     35
    35     43
    28     35
    35     40
    31     35
    35     37
    26     35
    30     35
    21     35
     6     35
    25     35
    35     45
    27     35
    12     35
    32     35
    35     39
    29     35
     7     35
     4     35
    33     35
     1      5
     5     31
     5     43
     5     49
     5     50
     5     54
     5     41
     5     53
     5      8
     0      5
     5     48
     5     52
     5     12
     5     17
     5     27
     5     23
     5     47
     5     40
     5     34
     5     39
     3      5
     5     45
     5     51
     5     10
     5     29
     5      6
    49     52
     7     52
     9     52
    32     52
    34     52
    41     52
    31     52
    25     52
    12     52
    37     52
    30     52
     2     52
    45     52
    28     52
    42     52
     1     52
    17     52
    40     52
    24     52
    52     53
    50     52
    16     49
    46     49
    21     49
    33     49
    11     49
    44     49
     8     49
     1     49
    28     49
    13     49
    10     49
     0     49
    49     51
     3     49
    48     49
    12     49
     2     53
     2     48
     2     17
     2     44
     2     29
     2      8
     2      6
     2     28
     2     40
     2      7
     2     55
     2     24
     2     16
     0      2
     2     37
     2      9
     1      2
     2     12
     2     23
     2     45
     2     20
     2     51
    43     53
     7     53
    46     53
    15     53
    16     53
    39     53
    42     53
    30     53
    51     53
    31     53
    27     53
    17     53
     1     53
    47     53
    37     53
    11     53
     3     53
    45     53
     1      7
     1     27
     1     20
     1     33
     1      3
     1     16
     1      6
     1     26
     1     46
     1     32
     1      9
     1     41
     1     48
     1     28
     1     30
     1     24
     1     11
     1     42
     1     38
     1     37
     1     23
     7     28
     7     17
     7     48
     7     41
     0      7
     7     33
     7     27
     7     43
     7     47
     7     24
     4      7
     7     25
     3      7
     7     21
     7     42
     7     10
     6      7
     7     39
     4     16
    16     51
    16     54
    16     45
     9     16
    13     16
     0     16
    11     16
     6     16
    16     37
    16     34
    16     30
    16     38
    16     55
    16     50
    16     28
    16     21
     4     41
     4     37
     4     42
     4     47
     4     23
     3      4
     4     32
     4     27
     4     31
     4     48
     4     38
     4     20
     4     55
     4     13
     4     10
     4     12
     4     51
     4     40
     4     17
     4     43
    26     33
    26     30
    10     26
     9     26
    26     28
    26     32
    26     43
    20     26
    26     31
     0     26
    13     26
     3     26
    26     44
    26     40
    25     26
    26     50
    10     33
    33     47
    33     43
    20     33
    33     40
    33     54
    24     33
     9     33
    27     33
    15     33
    29     33
    28     33
    31     33
     6     33
    33     51
    33     39
    21     33
     9     48
    31     48
    30     48
    17     48
    38     48
    39     48
    37     48
    42     48
    48     51
    13     48
    43     48
    44     48
    24     48
    11     48
    25     48
    23     48
    28     48
     8     48
    10     48
    15     32
    15     46
    15     47
    15     30
    15     42
    15     25
    15     29
     0     15
    12     15
    15     31
    13     15
    15     40
    15     34
    15     37
    15     45
     9     15
    32     54
     3     32
    32     45
    32     38
    12     32
    21     32
    32     41
    13     32
    32     42
    23     32
    10     32
    24     32
    32     37
    20     32
     8     32
    32     43
     6     32
    34     55
    34     37
    34     39
    11     34
     0     34
     9     34
    34     40
    10     34
    21     34
    13     34
    34     45
     9     54
    12     54
    21     54
    17     54
    54     55
    23     54
    38     54
    28     54
    27     54
    39     54
    29     54
    31     54
     0     54
    30     54
    20     54
    43     54
    47     54
    50     54
    51     54
     9     30
     9     25
     9     55
     8      9
     9     46
     9     50
     9     17
     9     42
     9     29
     9     38
     9     12
     9     23
     6      9
     9     10
     9     31
     9     41
     0      9
     9     20
    30     51
    39     51
    40     51
    12     51
    27     51
    31     51
    29     51
    42     51
     3     51
    47     51
    13     51
     8     51
    20     51
    44     51
    17     51
    46     51
    10     17
     8     17
    11     17
    17     23
    17     47
    17     31
    12     17
    17     30
    17     21
    17     24
    17     37
    17     25
    17     29
    27     42
    27     50
    27     40
    27     29
    27     37
    21     27
     8     27
    27     43
    27     44
    24     27
    27     30
    12     27
     0     27
    11     27
    27     39
     3     45
    43     45
    21     45
    45     55
    12     45
    24     45
    20     45
     0     45
    30     45
    39     45
    37     45
    40     45
    41     45
    38     45
     8     45
    44     45
    45     50
     3     31
     3     44
     3     38
     3     29
     3     20
     3     13
     3     50
     3     55
     3     40
     3     46
     3      6
    20     41
    20     25
    20     29
     8     20
    12     20
    20     46
    13     20
    20     37
    11     20
    20     43
    20     44
    20     39
    20     31
    20     55
    20     40
    20     21
    23     44
    11     44
     6     44
    44     55
    25     44
    43     44
    12     44
     0     44
    39     44
    30     44
    44     47
    10     44
    13     44
    29     44
    24     42
    24     38
    24     47
    24     41
     0     24
     6     24
    24     55
    13     24
    24     39
    24     37
    42     46
    13     42
     6     42
    42     50
    21     42
    40     42
    12     42
    10     42
    42     47
    42     43
    31     42
    28     40
    40     50
    23     40
    11     40
    38     40
     0     40
    40     47
    37     40
    29     40
    23     28
    28     30
    28     31
    28     38
     6     28
    21     28
    10     28
    28     55
    12     23
     0     23
    23     50
    23     55
    23     41
     8     23
    23     46
    23     39
    23     30
    31     55
    31     39
    11     31
    31     41
    13     31
    10     31
    31     50
    31     37
    30     31
    29     31
    31     47
     0     31
    31     38
    39     47
    11     39
    39     41
    39     55
     8     39
    39     50
    12     39
    25     39
    30     39
    12     47
    47     55
    37     47
    10     47
    47     50
    43     47
    12     25
    12     37
    12     38
    12     29
    12     21
    12     46
     8     12
    11     12
    12     30
    11     43
    43     50
     0     43
    38     43
    41     43
    25     43
    37     43
    21     43
     0     55
    37     55
    30     55
    13     55
    38     55
    50     55
    10     55
    25     55
    30     50
     0     30
    13     30
    29     30
    30     37
    30     41
     8     30
    25     30
     6     30
    30     46
    21     50
    29     50
    25     50
     0     50
    41     50
    11     50
    13     50
    10     46
    25     46
    13     46
     8     46
    37     46
    41     46
    25     29
    11     29
    29     38
    29     41
     8     29
    10     29
    10     21
    10     38
    10     11
     8     11
     6     11
    11     13
    21     25
     0     21
     6     21
    13     21
    38     41
    37     38
     6     38
     0      8
     8     37
     0     37
     0     25
     0     13
     6     37
     6     13
     6     25
