   302    437
   207    451
   217    426
    79    442
   152    253
    20    250
     5    318
    39    369
    26    288
   297    335
    82    463
   296    363
    54     75
    21    383
   523    538
   155    537
   140    349
    70    367
   123    412
   305    334
   292    482
    67    278
   464    536
   347    400
   149    159
    78    313
   494    528
     0    483
    34    261
     6    271
   139    179
    80    243
    15    203
    14    341
    58    399
   242    491
   110    233
   216    348
   151    188
   246    474
   169    502
   372    515
   257    345
   380    424
    81    461
   225    235
   196    465
   199    450
   124    254
   430    524
   452    496
   167    401
    53    489
   204    359
   202    237
   111    415
   157    173
   126    446
   268    427
     1     65
    83    478
   113    527
   329    332
   379    539
   226    498
     2     12
    38    148
    49     87
   193    312
   259    512
   321    459
   356    387
    91    163
   390    398
   374    448
   112    357
   368    511
    37    299
   230    472
    42    518
   294    475
   168    255
    69    492
   158    355
   117    127
    47    389
   262    311
   263    360
   416    447
    45    414
   353    510
    46    468
    19    218
   133    234
   248    307
    43    420
   201    385
    29    445
    25    371
   231    325
    55    471
   322    340
   142    423
    61    150
   417    497
   175    258
    60    397
    98    143
   394    535
    63    164
    10    409
    56    403
   182    343
   232    407
   279    476
    57    358
   200    404
   381    532
   100    411
   184    386
   438    454
   191    306
   224    456
   223    310
   162    270
    76    457
   146    208
   525    534
   352    533
   236    338
   154    189
   221    405
   252    314
   147    421
   410    514
   197    365
   274    509
    96    229
   105    384
    13    508
   125    206
   137    435
    48    141
   171    364
   166    328
   178    376
   241    266
   361    501
    74    301
   327    526
   135    487
   170    428
   300    440
   153    194
   177    186
   315    354
   275    500
   215    505
   228    285
    17    304
   317    418
   209    211
   205    264
    35    161
   120    519
   460    486
   513    516
    88    227
   419    433
   101    431
   260    282
   185    245
   336    391
   247    283
   316    531
   277    373
    33    104
   320    441
   269    324
     7    116
    11     73
     9    331
   392    520
   192    479
    23    337
    16     89
   287    443
   181    210
   180    484
    30    114
   128    481
   119    466
   132    249
    51    362
   350    436
   298    499
   131    506
   290    333
    18    198
    86    529
    32    490
   108    145
    28     97
    59    453
   238    413
   213    530
   174    303
    50    136
   165    477
   103    375
   382    470
    41    109
   240    272
    44    308
   273    473
    99    291
   183    346
    90    439
   176    265
   122    129
   130    286
   256    434
    27    102
   190    469
    95    195
   276    295
    22    144
   323    444
   220    366
   309    517
   339    396
   118    280
    52    495
    40    251
   187    351
     4     66
    36    488
   138    388
   281    402
   160    377
    93     94
    68    239
     3    244
   284    342
   134    219
   326    462
    24    408
    84    422
   378    432
   289    455
   106    503
   393    480
   449    504
   425    467
   370    395
    31    319
   344    406
    72    121
   107    522
   156    222
   330    458
   172    493
    77    293
   115    507
    62    214
    64    267
    92    212
     8    485
    85    429
    71    521
