    75    144
   149    175
   129    265
    32     57
    97    109
   141    193
    21    116
   197    205
   104    233
   236    255
   257    262
   180    247
    42    229
    70     81
   156    243
    38    130
   128    231
     5    172
    14     24
   117    248
   105    152
   220    223
   151    244
    72    163
   111    225
    58    126
   196    218
   161    199
    69    251
   174    226
   189    192
    78    131
    56    253
     7     74
   167    238
    51    208
     4    263
    46     95
   140    268
   158    183
    29     53
   108    224
   201    266
    93    114
    13    124
   162    219
   160    214
    65    200
    19    142
   206    256
     6     91
   106    181
    87    157
   143    252
   182    241
   119    145
   186    242
   125    178
    20     68
   169    179
   138    216
    76    154
   148    184
    15     79
    99    146
    60    171
   155    234
   110    235
   103    168
    30    269
    62    173
   230    246
    45    159
    67    153
    71    261
    17     33
   120    121
    52    185
   198    245
    27     63
    11     82
    61    165
   211    213
    92     96
    73    212
    98    137
    47     50
    77    202
   136    207
    85    217
    43    132
    12    228
    37     64
   123    139
   194    258
   166    232
   260    264
    48    112
   118    259
    28     55
    66     86
     9    190
     2    195
   177    215
   187    191
     8     59
   227    249
     0    222
    26    134
    44    107
    16     83
   133    267
     1    250
    10    135
    22    239
    23    240
    25     39
    36    237
     3    221
    54    204
    18    113
   127    147
    84    122
    34     40
    35     90
    88    203
    94    164
    49    100
    80    176
   170    209
   101    115
    31    254
   102    150
    41    210
    89    188
