   327    610
   584    611
    31     66
    72    118
     8    853
    50    479
   642    645
   210    816
   471    512
   744    760
   111    530
    65    539
   501    670
   138    233
   130    502
   920    930
   225    929
   239    734
   399    475
   184    548
    94    406
   377    753
   164    250
   158    894
   641    746
   277    914
   883    884
   424    708
   416    621
   268    710
    21    863
   194    803
   153    417
   342    793
    24    582
   556    731
    83    266
   230    896
    33    307
   695    765
    15    711
   265    772
   631    728
   533    679
   519    528
   520    824
   255    302
   344    817
   550    569
   201    843
   220    306
   119    696
   792    886
   715    911
   179    186
   152    200
   134    838
   322    425
   122    609
   170    396
   527    536
   712    756
   618    782
   338    680
   614    899
   253    806
   149    271
   254    689
    81    673
   176    185
    38    410
   408    414
   202    269
   465    574
     0    555
    23    691
   361    467
   347    908
   247    823
   148    433
    97    388
   632    633
   172    371
   668    923
   166    209
   398    652
   367    493
   354    762
   440    601
   221    393
   273    288
   538    871
   248    321
   379    515
   168    826
   127    842
   251    873
   165    752
   241    693
   376    459
    32    891
   411    801
   323    725
   490    534
   190    705
   351    759
    26    404
   243    359
   235    259
   486    909
    84    139
   213    368
   537    669
   319    764
   825    845
   476    888
    96    526
   778    813
   659    773
   329    358
   162    868
   568    735
   646    830
   272    554
    49    286
   658    827
   743    918
   160    293
   732    829
   460    667
   389    431
   423    634
    27    831
    99    640
   394    508
    44    378
   219    553
   238    506
    34    713
   155    345
   234    608
   384    447
   489    818
     5     87
   360    483
   216    700
   285    638
   690    857
   204    600
   100    159
    59    849
    63    173
    39    656
   664    681
   208    497
   226    317
    17    882
   505    933
   228    452
   685    879
   558    572
   102    596
   511    563
   541    733
   724    809
   850    866
   287    763
    64    598
   355    524
   442    532
   577    913
   518    542
   245    747
   620    893
    19    126
   117    666
   309    928
   320    851
   310    457
   575    655
   622    805
   687    815
    68    881
   198    878
   470    606
   387    492
    90    500
   451    698
   262    846
   604    749
    71    579
   564    836
     6    892
   314    443
   279    284
   191    637
   258    781
    47    121
   124    647
   328    720
   429    872
   326    935
   383    648
   135    468
    46    249
   456    583
   264    453
   336    391
   495    876
   300    353
   833    844
   103    716
   450    785
     4    855
   236    415
   112    270
   660    819
   283    820
   237    877
   196    595
    89    294
    91    454
   523    546
   517    597
   629    870
   672    936
   581    804
    37    260
   261    356
   397    514
   282    875
   161    551
   308    343
   107    131
   649    939
   242    937
   104    369
    76    885
    29    797
   352    916
   207    315
   295    357
   525    921
   129    263
   132    244
   366    386
    41    880
   481    625
   346    810
   448    798
   412    635
   143    777
   142    199
   602    802
   348    789
   400    800
   650    795
   290    304
   330    405
    22    682
   163    246
   392    912
   303    462
   754    811
   205    907
   333    726
   257    630
   110    589
    18    704
   661    771
   296    766
   188    227
     7    719
   364    657
    67    573
    28    128
    57    426
   906    926
   192    902
   180    334
   675    709
   439    729
   769    808
   339    714
   531    741
   742    865
   167    560
   503    904
   116    337
    70    567
   157    717
   665    905
   144    784
   299    427
   419    472
   529    840
    61    175
    30    231
   123    156
   474    768
    88    380
   350    706
   169    835
   101    615
   473    858
   182    578
   174    409
   154    593
   222    915
    48    510
   187    594
    51    737
   395    420
   324    362
   783    832
   413    848
   478    788
   422    718
     9    787
    62    484
   281    874
   494    757
   218    421
   372    487
   455    543
   145    796
   464    799
   485    562
   140    736
   133    428
   229    289
   381    599
   316    707
   516    639
   171    449
    43    676
   375    545
   146    613
    11     98
   437    498
   643    932
   195    910
   256    469
   775    807
   730    738
   325    684
   137    488
   580    834
   521    751
   224    761
    35    702
   482    750
    12     75
     2    740
   540    612
   654    671
    82    441
   626    847
   181    692
   109    889
   212    924
   507    927
   203    390
   332    688
   252    703
   900    934
   504    903
   114    313
   280    854
   312    721
   509    890
    16    674
   861    887
   274    776
   513    860
   407    856
   758    869
    25    739
   197    828
    52     85
    74     79
    53    211
   522    895
    54    570
    60    565
   232    723
    45    189
    20    547
   318    867
   370    458
     1    496
    73    136
   125    722
   549    922
   335    590
   418    812
   499    628
   178    592
    92    115
   382    587
    77     78
   403    938
   298    663
    36    607
    56    651
    10    770
   557    919
   446    686
   106    301
   147    544
   605    841
   311    463
    58    292
   430    477
   240    748
    80    780
   794    859
   561    636
   374    438
     3    183
   305    491
   151    727
   150    925
   653    745
   432    619
   223    363
   141    480
   177    898
   341    767
    13    275
   276    624
   786    862
    42    677
   644    774
   790    917
   385    837
   445    585
    93    466
   193    897
   108    214
   683    697
    40    662
   120    901
    14    627
   576    586
   435    694
   434    852
   297    365
   603    864
   373    822
    69    678
    86    559
   291    779
   215    591
   436    623
   401    571
   444    791
    55    821
   349    535
   113    566
   331    588
   814    931
   217    616
    95    839
   340    617
   701    755
   206    461
   267    552
   105    402
   278    699
