    71    324
   141    183
    28    223
    37     75
    78    109
    55    291
   186    195
    89    270
   105    191
    54    120
   243    308
    47    117
     3     33
   277    309
   146    356
   115    238
    34    346
    56     88
    50    275
   281    322
    10    129
     1     94
   194    260
     0    278
   148    192
   152    209
    45    225
    40    299
   263    337
   266    296
   242    288
   145    160
   122    261
   163    226
     8    348
   136    154
   221    249
    85    256
   250    321
    27    338
   170    302
    95    190
    46    271
    73    197
    39    181
   131    362
    31    269
    65    116
   132    330
    60    312
    98    306
    19     32
    91     97
   102    106
   173    187
   215    236
   138    220
   313    328
   135    262
    29    344
    15     23
   316    339
   229    240
   185    199
   165    268
   246    293
   280    304
   298    319
   157    286
   323    368
    66    235
   164    184
    92    367
    48     84
   114    297
    18    201
    72    315
    63    205
   211    351
   169    301
   171    264
   127    253
    52    232
    14    239
    53    210
    35    217
   178    222
    62    179
   159    248
   207    314
   103    331
   258    326
   150    279
    20    342
   144    272
   149    244
   189    252
   158    336
   234    307
    51    283
    30     70
   112    347
   208    341
    82    104
   176    245
    59    202
    74    151
    69    200
    64    162
    99    174
   161    310
   180    214
   118    182
    42    333
   357    359
   123    364
    96    274
    43    227
   155    327
     6    212
   265    325
   224    354
   143    177
    79    172
    49    284
   124    125
    61     90
    25    294
   204    320
    16    213
    22     68
   113    343
   111    318
   300    355
     9    353
   153    193
   110    365
     4    196
    36    142
   282    287
    13     58
   140    255
   134    247
    38    257
   101    128
   251    273
   219    259
   218    329
   130    285
   167    228
   107    292
    11     80
   137    206
   108    295
   267    290
   289    305
    24     26
   121    231
   126    168
    44    100
    12     93
   237    254
   332    363
   361    369
    83    166
   340    350
    21     81
   233    349
     5    175
   133    352
   198    276
     2    335
   147    156
    76    334
   345    358
    57     77
   230    311
    17    203
    41     86
   119    139
    67    216
    87    317
     7    188
   241    366
   303    360
